	source	target	weight	edge_sample	edge_color
0	Actinomyces naeslundii	Actinobaculum sp. oral taxon 183	0.985036562622	Mixed	#cccccc
1	Actinomyces neuii	Actinomyces massiliensis	0.878310065654	Mixed	#cccccc
2	Alistipes putredinis	Actinomyces sp. oral taxon 171	1.0	Mixed	#cccccc
3	Anaerococcus hydrogenalis	Actinobaculum sp. oral taxon 183	0.985036562622	Mixed	#cccccc
4	Anaerococcus hydrogenalis	Actinomyces massiliensis	0.925820099773	Mixed	#cccccc
5	Anaerococcus hydrogenalis	Actinomyces naeslundii	1.0	Mixed	#cccccc
6	Anaerococcus prevotii	Actinobaculum massiliense	0.943879807449	Mixed	#cccccc
7	Anaerococcus prevotii	Actinomyces massiliensis	0.98692754244	Mixed	#cccccc
8	Anaerococcus prevotii	Actinomyces neuii	0.943879807449	Mixed	#cccccc
9	Anaerococcus prevotii	Actinomyces sp. oral taxon 448	0.943879807449	Mixed	#cccccc
10	Anaerococcus senegalensis	Anaerococcus prevotii	0.943879807449	L_Retroauricular_crease	#34e4d9
11	Arcanobacterium haemolyticum	Anaerococcus prevotii	0.943879807449	Mixed	#cccccc
12	Atopobium vaginae	Anaerococcus prevotii	0.943879807449	Mixed	#cccccc
13	Bacteroides coprocola	Actinomyces sp. oral taxon 171	1.0	Mixed	#cccccc
14	Bacteroides coprocola	Alistipes putredinis	1.0	Stool	#e8cb72
15	Bacteroides dorei	Anaerococcus prevotii	0.943879807449	Mixed	#cccccc
16	Bacteroides dorei	Arcanobacterium haemolyticum	1.0	Mixed	#cccccc
17	Bacteroides gallinarum	Anaerococcus prevotii	0.943879807449	Mixed	#cccccc
18	Bacteroides massiliensis	Actinomyces sp. oral taxon 171	1.0	Mixed	#cccccc
19	Bacteroides massiliensis	Alistipes putredinis	1.0	Stool	#e8cb72
20	Bacteroides massiliensis	Bacteroides coprocola	1.0	Stool	#e8cb72
21	Bacteroides plebeius	Actinomyces sp. oral taxon 171	1.0	Mixed	#cccccc
22	Bacteroides plebeius	Alistipes putredinis	1.0	Stool	#e8cb72
23	Bacteroides plebeius	Bacteroides coprocola	1.0	Stool	#e8cb72
24	Bacteroides plebeius	Bacteroides massiliensis	1.0	Stool	#e8cb72
25	Bacteroides sp. 2_2_4	Anaerococcus prevotii	0.943879807449	Mixed	#cccccc
26	Bacteroides sp. 2_2_4	Anaerococcus senegalensis	1.0	Mixed	#cccccc
27	Bacteroides sp. 2_2_4	Arcanobacterium haemolyticum	1.0	Mixed	#cccccc
28	Bacteroides stercoris	Actinomyces sp. oral taxon 171	1.0	Mixed	#cccccc
29	Bacteroides stercoris	Alistipes putredinis	1.0	Stool	#e8cb72
30	Bacteroides stercoris	Bacteroides coprocola	1.0	Stool	#e8cb72
31	Bacteroides stercoris	Bacteroides massiliensis	1.0	Stool	#e8cb72
32	Bacteroides stercoris	Bacteroides plebeius	1.0	Stool	#e8cb72
33	Bacteroides uniformis	Actinomyces sp. oral taxon 171	1.0	Mixed	#cccccc
34	Bacteroides uniformis	Alistipes putredinis	1.0	Stool	#e8cb72
35	Bacteroides uniformis	Bacteroides coprocola	1.0	Stool	#e8cb72
36	Bacteroides uniformis	Bacteroides massiliensis	1.0	Stool	#e8cb72
37	Bacteroides uniformis	Bacteroides plebeius	1.0	Stool	#e8cb72
38	Bacteroides uniformis	Bacteroides stercoris	1.0	Stool	#e8cb72
39	Barnesiella intestinihominis	Actinomyces sp. oral taxon 171	1.0	Mixed	#cccccc
40	Barnesiella intestinihominis	Alistipes putredinis	1.0	Stool	#e8cb72
41	Barnesiella intestinihominis	Bacteroides coprocola	1.0	Stool	#e8cb72
42	Barnesiella intestinihominis	Bacteroides massiliensis	1.0	Stool	#e8cb72
43	Barnesiella intestinihominis	Bacteroides plebeius	1.0	Stool	#e8cb72
44	Barnesiella intestinihominis	Bacteroides stercoris	1.0	Stool	#e8cb72
45	Barnesiella intestinihominis	Bacteroides uniformis	1.0	Stool	#e8cb72
46	Bradyrhizobium japonicum	Actinomyces sp. oral taxon 171	1.0	Mixed	#cccccc
47	Bradyrhizobium japonicum	Alistipes putredinis	1.0	Mixed	#cccccc
48	Bradyrhizobium japonicum	Bacteroides coprocola	1.0	Mixed	#cccccc
49	Bradyrhizobium japonicum	Bacteroides massiliensis	1.0	Mixed	#cccccc
50	Bradyrhizobium japonicum	Bacteroides plebeius	1.0	Mixed	#cccccc
51	Bradyrhizobium japonicum	Bacteroides stercoris	1.0	Mixed	#cccccc
52	Bradyrhizobium japonicum	Bacteroides uniformis	1.0	Mixed	#cccccc
53	Bradyrhizobium japonicum	Barnesiella intestinihominis	1.0	Mixed	#cccccc
54	Burkholderiales bacterium 1_1_47	Anaerococcus prevotii	0.943879807449	Mixed	#cccccc
55	Burkholderiales bacterium 1_1_47	Arcanobacterium haemolyticum	1.0	Mixed	#cccccc
56	Burkholderiales bacterium 1_1_47	Bacteroides gallinarum	1.0	Stool	#e8cb72
57	Campylobacter hominis	Anaerococcus prevotii	0.943879807449	Mixed	#cccccc
58	Campylobacter ureolyticus	Actinobaculum sp. oral taxon 183	0.985036562622	Mixed	#cccccc
59	Campylobacter ureolyticus	Actinomyces massiliensis	0.925820099773	Mixed	#cccccc
60	Campylobacter ureolyticus	Actinomyces naeslundii	1.0	Mixed	#cccccc
61	Campylobacter ureolyticus	Anaerococcus hydrogenalis	1.0	Mixed	#cccccc
62	Capnocytophaga gingivalis	Actinomyces sp. oral taxon 171	1.0	Supragingival_plaque	#ff8646
63	Capnocytophaga gingivalis	Alistipes putredinis	1.0	Mixed	#cccccc
64	Capnocytophaga gingivalis	Bacteroides coprocola	1.0	Mixed	#cccccc
65	Capnocytophaga gingivalis	Bacteroides massiliensis	1.0	Mixed	#cccccc
66	Capnocytophaga gingivalis	Bacteroides plebeius	1.0	Mixed	#cccccc
67	Capnocytophaga gingivalis	Bacteroides stercoris	1.0	Mixed	#cccccc
68	Capnocytophaga gingivalis	Bacteroides uniformis	1.0	Mixed	#cccccc
69	Capnocytophaga gingivalis	Barnesiella intestinihominis	1.0	Mixed	#cccccc
70	Capnocytophaga gingivalis	Bradyrhizobium japonicum	1.0	Mixed	#cccccc
71	Comamonas testosteroni	Actinobaculum sp. oral taxon 183	0.985036562622	Mixed	#cccccc
72	Comamonas testosteroni	Actinomyces massiliensis	0.925820099773	Mixed	#cccccc
73	Comamonas testosteroni	Actinomyces naeslundii	1.0	Mixed	#cccccc
74	Comamonas testosteroni	Anaerococcus hydrogenalis	1.0	Mixed	#cccccc
75	Comamonas testosteroni	Campylobacter ureolyticus	1.0	Mixed	#cccccc
76	Corynebacterium aurimucosum	Actinobaculum sp. oral taxon 183	0.930046503488	Mixed	#cccccc
77	Corynebacterium aurimucosum	Anaerococcus provenciensis	0.943879807449	Mixed	#cccccc
78	Corynebacterium aurimucosum	Blautia obeum	0.943879807449	Mixed	#cccccc
79	Corynebacterium diphtheriae	Corynebacterium aurimucosum	0.943879807449	Anterior_nares	#8000ff
80	Corynebacterium matruchotii	Actinobaculum sp. oral taxon 183	0.967286702253	Mixed	#cccccc
81	Corynebacterium matruchotii	Actinomyces naeslundii	0.981980506062	Supragingival_plaque	#ff8646
82	Corynebacterium matruchotii	Anaerococcus hydrogenalis	0.981980506062	Mixed	#cccccc
83	Corynebacterium matruchotii	Campylobacter ureolyticus	0.981980506062	Mixed	#cccccc
84	Corynebacterium matruchotii	Comamonas testosteroni	0.981980506062	Mixed	#cccccc
85	Corynebacterium pyruviciproducens	Actinobaculum sp. oral taxon 183	0.930665683187	Mixed	#cccccc
86	Corynebacterium pyruviciproducens	Actinomyces massiliensis	0.982707629824	Mixed	#cccccc
87	Corynebacterium pyruviciproducens	Actinomyces naeslundii	0.979795897113	Mixed	#cccccc
88	Corynebacterium pyruviciproducens	Anaerococcus prevotii	0.940019342161	Mixed	#cccccc
89	Corynebacterium pyruviciproducens	Campylobacter ureolyticus	0.979795897113	R_Retroauricular_crease	#acf59a
90	Corynebacterium pyruviciproducens	Comamonas testosteroni	0.979795897113	Mixed	#cccccc
91	Corynebacterium pyruviciproducens	Corynebacterium matruchotii	0.962140470885	Mixed	#cccccc
92	Cupriavidus basilensis	Actinobaculum sp. oral taxon 183	0.985036562622	Mixed	#cccccc
93	Cupriavidus basilensis	Actinomyces massiliensis	0.925820099773	Mixed	#cccccc
94	Cupriavidus basilensis	Actinomyces naeslundii	1.0	Mixed	#cccccc
95	Cupriavidus basilensis	Anaerococcus hydrogenalis	1.0	Mixed	#cccccc
96	Cupriavidus basilensis	Campylobacter ureolyticus	1.0	Mixed	#cccccc
97	Cupriavidus basilensis	Comamonas testosteroni	1.0	Mid_vagina	#52f5cb
98	Cupriavidus basilensis	Corynebacterium matruchotii	0.981980506062	Mixed	#cccccc
99	Cupriavidus basilensis	Corynebacterium pyruviciproducens	0.979795897113	Mixed	#cccccc
100	Dialister invisus	Anaerococcus prevotii	0.943879807449	Mixed	#cccccc
101	Dialister micraerophilus	Actinobaculum sp. oral taxon 183	0.970047811705	Mixed	#cccccc
102	Dialister micraerophilus	Actinomyces naeslundii	0.984783558818	Mixed	#cccccc
103	Dialister micraerophilus	Anaerococcus hydrogenalis	0.984783558818	Mixed	#cccccc
104	Dialister micraerophilus	Campylobacter ureolyticus	0.984783558818	Mixed	#cccccc
105	Dialister micraerophilus	Comamonas testosteroni	0.984783558818	Mixed	#cccccc
106	Dialister micraerophilus	Corynebacterium matruchotii	0.985999791909	Mixed	#cccccc
107	Dialister micraerophilus	Corynebacterium pyruviciproducens	0.964886890474	Mixed	#cccccc
108	Dialister micraerophilus	Cupriavidus basilensis	0.984783558818	Mixed	#cccccc
109	[Eubacterium] rectale	Anaerococcus prevotii	0.943879807449	Mixed	#cccccc
110	Faecalibacterium prausnitzii	Actinomyces sp. oral taxon 171	0.919145030018	Mixed	#cccccc
111	Faecalibacterium prausnitzii	Bacteroides coprocola	0.919145030018	Stool	#e8cb72
112	Finegoldia magna	Actinobaculum sp. oral taxon 183	0.979764647221	Mixed	#cccccc
113	Finegoldia magna	Actinomyces massiliensis	0.935819074989	Mixed	#cccccc
114	Finegoldia magna	Actinomyces naeslundii	0.999493638482	Mixed	#cccccc
115	Finegoldia magna	Anaerococcus hydrogenalis	0.999493638482	Mixed	#cccccc
116	Finegoldia magna	Campylobacter ureolyticus	0.999493638482	R_Retroauricular_crease	#acf59a
117	Finegoldia magna	Comamonas testosteroni	0.999493638482	Mixed	#cccccc
118	Finegoldia magna	Corynebacterium matruchotii	0.978522535079	Mixed	#cccccc
119	Finegoldia magna	Corynebacterium pyruviciproducens	0.984838792002	R_Retroauricular_crease	#acf59a
120	Finegoldia magna	Cupriavidus basilensis	0.999493638482	Mixed	#cccccc
121	Finegoldia magna	Dialister micraerophilus	0.98271298073	Mixed	#cccccc
122	Herbaspirillum chlorophenolicum	Actinobaculum sp. oral taxon 183	0.985036562622	Mixed	#cccccc
123	Herbaspirillum chlorophenolicum	Actinomyces massiliensis	0.925820099773	Mixed	#cccccc
124	Herbaspirillum chlorophenolicum	Actinomyces naeslundii	1.0	Mixed	#cccccc
125	Herbaspirillum chlorophenolicum	Anaerococcus hydrogenalis	1.0	Mixed	#cccccc
126	Herbaspirillum chlorophenolicum	Campylobacter ureolyticus	1.0	Mixed	#cccccc
127	Herbaspirillum chlorophenolicum	Comamonas testosteroni	1.0	Mixed	#cccccc
128	Herbaspirillum chlorophenolicum	Corynebacterium matruchotii	0.981980506062	Mixed	#cccccc
129	Herbaspirillum chlorophenolicum	Corynebacterium pyruviciproducens	0.979795897113	Mixed	#cccccc
130	Herbaspirillum chlorophenolicum	Cupriavidus basilensis	1.0	Mixed	#cccccc
131	Herbaspirillum chlorophenolicum	Dialister micraerophilus	0.984783558818	Mixed	#cccccc
132	Herbaspirillum chlorophenolicum	Finegoldia magna	0.999493638482	Mixed	#cccccc
133	Herbaspirillum rubrisubalbicans	Anaerococcus prevotii	0.943879807449	Mixed	#cccccc
134	Herbaspirillum rubrisubalbicans	Bacteroides gallinarum	1.0	Mixed	#cccccc
135	Herbaspirillum rubrisubalbicans	Burkholderiales bacterium 1_1_47	1.0	Mixed	#cccccc
136	Herbaspirillum rubrisubalbicans	Campylobacter hominis	1.0	Mixed	#cccccc
137	Herbaspirillum seropedicae	Actinobaculum massiliense	1.0	Vaginal_introitus	#ff0000
138	Herbaspirillum seropedicae	Anaerococcus prevotii	0.943879807449	Mixed	#cccccc
139	Herbaspirillum seropedicae	Bacteroides gallinarum	1.0	Mixed	#cccccc
140	Herbaspirillum seropedicae	[Eubacterium] rectale	1.0	Mixed	#cccccc
141	Herbaspirillum sp. B39	Corynebacterium matruchotii	0.959818459813	Mixed	#cccccc
142	Herbaspirillum sp. B39	Herbaspirillum huttiense	0.991382806065	Vaginal_introitus	#ff0000
143	Lachnospiraceae bacterium TF01-11	Anaerococcus prevotii	0.943879807449	Mixed	#cccccc
144	Lactobacillus acidophilus	Actinomyces sp. oral taxon 171	1.0	Mixed	#cccccc
145	Lactobacillus acidophilus	Alistipes putredinis	1.0	Mixed	#cccccc
146	Lactobacillus acidophilus	Bacteroides coprocola	1.0	Mixed	#cccccc
147	Lactobacillus acidophilus	Bacteroides massiliensis	1.0	Mixed	#cccccc
148	Lactobacillus acidophilus	Bacteroides plebeius	1.0	Mixed	#cccccc
149	Lactobacillus acidophilus	Bacteroides stercoris	1.0	Mixed	#cccccc
150	Lactobacillus acidophilus	Bacteroides uniformis	1.0	Mixed	#cccccc
151	Lactobacillus acidophilus	Barnesiella intestinihominis	1.0	Mixed	#cccccc
152	Lactobacillus acidophilus	Bradyrhizobium japonicum	1.0	Mixed	#cccccc
153	Lactobacillus acidophilus	Capnocytophaga gingivalis	1.0	Mixed	#cccccc
154	Lactobacillus amylovorus	Actinomyces sp. oral taxon 171	1.0	Mixed	#cccccc
155	Lactobacillus amylovorus	Alistipes putredinis	1.0	Mixed	#cccccc
156	Lactobacillus amylovorus	Bacteroides coprocola	1.0	Mixed	#cccccc
157	Lactobacillus amylovorus	Bacteroides massiliensis	1.0	Mixed	#cccccc
158	Lactobacillus amylovorus	Bacteroides plebeius	1.0	Mixed	#cccccc
159	Lactobacillus amylovorus	Bacteroides stercoris	1.0	Mixed	#cccccc
160	Lactobacillus amylovorus	Bacteroides uniformis	1.0	Mixed	#cccccc
161	Lactobacillus amylovorus	Barnesiella intestinihominis	1.0	Mixed	#cccccc
162	Lactobacillus amylovorus	Bradyrhizobium japonicum	1.0	Vaginal_introitus	#ff0000
163	Lactobacillus amylovorus	Capnocytophaga gingivalis	1.0	Mixed	#cccccc
164	Lactobacillus amylovorus	Lactobacillus acidophilus	1.0	Mixed	#cccccc
165	Lactobacillus coleohominis	Aerococcus christensenii	0.990804280226	Mixed	#cccccc
166	Lactobacillus gasseri	Aerococcus christensenii	0.981417527284	Posterior_fornix	#8efeac
167	Lactobacillus gasseri	Lactobacillus coleohominis	0.955381719123	Mixed	#cccccc
168	Lactobacillus helveticus	Actinomyces sp. oral taxon 171	0.996683241278	Mixed	#cccccc
169	Lactobacillus helveticus	Alistipes putredinis	0.996683241278	Mixed	#cccccc
170	Lactobacillus helveticus	Bacteroides coprocola	0.996683241278	Mixed	#cccccc
171	Lactobacillus helveticus	Bacteroides massiliensis	0.996683241278	Mixed	#cccccc
172	Lactobacillus helveticus	Bacteroides plebeius	0.996683241278	Mixed	#cccccc
173	Lactobacillus helveticus	Bacteroides stercoris	0.996683241278	Mixed	#cccccc
174	Lactobacillus helveticus	Bacteroides uniformis	0.996683241278	Mixed	#cccccc
175	Lactobacillus helveticus	Barnesiella intestinihominis	0.996683241278	Mixed	#cccccc
176	Lactobacillus helveticus	Bradyrhizobium japonicum	0.996683241278	Mixed	#cccccc
177	Lactobacillus helveticus	Capnocytophaga gingivalis	0.996683241278	Mixed	#cccccc
178	Lactobacillus helveticus	Lactobacillus acidophilus	0.996683241278	Mixed	#cccccc
179	Lactobacillus helveticus	Lactobacillus amylovorus	0.996683241278	Mixed	#cccccc
180	Lactobacillus iners	Actinobaculum sp. oral taxon 183	0.96043546407	Mixed	#cccccc
181	Lactobacillus iners	Actinomyces naeslundii	0.975025192479	Mixed	#cccccc
182	Lactobacillus iners	Anaerococcus hydrogenalis	0.975025192479	Mixed	#cccccc
183	Lactobacillus iners	Campylobacter ureolyticus	0.975025192479	Mixed	#cccccc
184	Lactobacillus iners	Comamonas testosteroni	0.975025192479	Mixed	#cccccc
185	Lactobacillus iners	Cupriavidus basilensis	0.975025192479	Mixed	#cccccc
186	Lactobacillus iners	Finegoldia magna	0.978010366482	Mixed	#cccccc
187	Lactobacillus iners	Herbaspirillum chlorophenolicum	0.975025192479	Mixed	#cccccc
188	Lactobacillus jensenii	Aerococcus christensenii	0.99156155698	Posterior_fornix	#8efeac
189	Lactobacillus jensenii	Lactobacillus coleohominis	0.974353579703	Mixed	#cccccc
190	Lactobacillus jensenii	Lactobacillus gasseri	0.99657852051	Posterior_fornix	#8efeac
191	Lactobacillus kefiranofaciens	Actinomyces sp. oral taxon 171	0.999981367497	Mixed	#cccccc
192	Lactobacillus kefiranofaciens	Alistipes putredinis	0.999981367497	Mixed	#cccccc
193	Lactobacillus kefiranofaciens	Bacteroides coprocola	0.999981367497	Mixed	#cccccc
194	Lactobacillus kefiranofaciens	Bacteroides massiliensis	0.999981367497	Mixed	#cccccc
195	Lactobacillus kefiranofaciens	Bacteroides plebeius	0.999981367497	Mixed	#cccccc
196	Lactobacillus kefiranofaciens	Bacteroides stercoris	0.999981367497	Mixed	#cccccc
197	Lactobacillus kefiranofaciens	Bacteroides uniformis	0.999981367497	Mixed	#cccccc
198	Lactobacillus kefiranofaciens	Barnesiella intestinihominis	0.999981367497	Mixed	#cccccc
199	Lactobacillus kefiranofaciens	Bradyrhizobium japonicum	0.999981367497	Vaginal_introitus	#ff0000
200	Lactobacillus kefiranofaciens	Capnocytophaga gingivalis	0.999981367497	Mixed	#cccccc
201	Lactobacillus kefiranofaciens	Lactobacillus acidophilus	0.999981367497	Mixed	#cccccc
202	Lactobacillus kefiranofaciens	Lactobacillus amylovorus	0.999981367497	Vaginal_introitus	#ff0000
203	Lactobacillus kefiranofaciens	Lactobacillus helveticus	0.996859521927	Mixed	#cccccc
204	Lactobacillus kitasatonis	Actinomyces sp. oral taxon 171	1.0	Mixed	#cccccc
205	Lactobacillus kitasatonis	Alistipes putredinis	1.0	Mixed	#cccccc
206	Lactobacillus kitasatonis	Bacteroides coprocola	1.0	Mixed	#cccccc
207	Lactobacillus kitasatonis	Bacteroides massiliensis	1.0	Mixed	#cccccc
208	Lactobacillus kitasatonis	Bacteroides plebeius	1.0	Mixed	#cccccc
209	Lactobacillus kitasatonis	Bacteroides stercoris	1.0	Mixed	#cccccc
210	Lactobacillus kitasatonis	Bacteroides uniformis	1.0	Mixed	#cccccc
211	Lactobacillus kitasatonis	Barnesiella intestinihominis	1.0	Mixed	#cccccc
212	Lactobacillus kitasatonis	Bradyrhizobium japonicum	1.0	Vaginal_introitus	#ff0000
213	Lactobacillus kitasatonis	Capnocytophaga gingivalis	1.0	Mixed	#cccccc
214	Lactobacillus kitasatonis	Lactobacillus acidophilus	1.0	Mixed	#cccccc
215	Lactobacillus kitasatonis	Lactobacillus amylovorus	1.0	Vaginal_introitus	#ff0000
216	Lactobacillus kitasatonis	Lactobacillus helveticus	0.996683241278	Mixed	#cccccc
217	Lactobacillus kitasatonis	Lactobacillus kefiranofaciens	0.999981367497	Vaginal_introitus	#ff0000
218	Lactobacillus oris	Anaerococcus prevotii	0.943879807449	Mixed	#cccccc
219	Lactobacillus oris	Campylobacter hominis	1.0	Mixed	#cccccc
220	Lactobacillus oris	Herbaspirillum rubrisubalbicans	1.0	Mixed	#cccccc
221	Lactobacillus reuteri	Actinobaculum massiliense	1.0	Mixed	#cccccc
222	Lactobacillus reuteri	Actinomyces massiliensis	0.878310065654	Mixed	#cccccc
223	Lactobacillus reuteri	Actinomyces neuii	1.0	Posterior_fornix	#8efeac
224	Lactobacillus reuteri	Anaerococcus prevotii	0.943879807449	Mixed	#cccccc
225	Lactobacillus reuteri	Bacteroides dorei	1.0	Mixed	#cccccc
226	Lactobacillus vaginalis	Actinobaculum sp. oral taxon 183	0.98678175271	Mixed	#cccccc
227	Lactobacillus vaginalis	Actinomyces naeslundii	0.993883734674	Mixed	#cccccc
228	Lactobacillus vaginalis	Anaerococcus hydrogenalis	0.993883734674	Mixed	#cccccc
229	Lactobacillus vaginalis	Campylobacter ureolyticus	0.993883734674	Mixed	#cccccc
230	Lactobacillus vaginalis	Comamonas testosteroni	0.993883734674	Mixed	#cccccc
231	Lactobacillus vaginalis	Corynebacterium matruchotii	0.957900851765	Mixed	#cccccc
232	Lactobacillus vaginalis	Corynebacterium pyruviciproducens	0.964786509094	Mixed	#cccccc
233	Lactobacillus vaginalis	Cupriavidus basilensis	0.993883734674	Mixed	#cccccc
234	Lactobacillus vaginalis	Dialister micraerophilus	0.965966108194	Mixed	#cccccc
235	Lactobacillus vaginalis	Finegoldia magna	0.993630188766	Mixed	#cccccc
236	Lactobacillus vaginalis	Herbaspirillum chlorophenolicum	0.993883734674	Mixed	#cccccc
237	Lactobacillus vaginalis	Lactobacillus iners	0.990391468692	Posterior_fornix	#8efeac
238	Lactococcus lactis	Actinobaculum sp. oral taxon 183	0.985036562622	Mixed	#cccccc
239	Lactococcus lactis	Actinomyces naeslundii	1.0	Mixed	#cccccc
240	Lactococcus lactis	Anaerococcus hydrogenalis	1.0	Mixed	#cccccc
241	Lactococcus lactis	Campylobacter ureolyticus	1.0	Mixed	#cccccc
242	Lactococcus lactis	Comamonas testosteroni	1.0	Mixed	#cccccc
243	Lactococcus lactis	Corynebacterium matruchotii	0.981980506062	Mixed	#cccccc
244	Lactococcus lactis	Corynebacterium pyruviciproducens	0.979795897113	Mixed	#cccccc
245	Lactococcus lactis	Cupriavidus basilensis	1.0	Mixed	#cccccc
246	Lactococcus lactis	Dialister micraerophilus	0.984783558818	Mixed	#cccccc
247	Lactococcus lactis	Finegoldia magna	0.999493638482	Mixed	#cccccc
248	Lactococcus lactis	Herbaspirillum chlorophenolicum	1.0	Mixed	#cccccc
249	Lactococcus lactis	Lactobacillus iners	0.975025192479	Mixed	#cccccc
250	Lactococcus lactis	Lactobacillus vaginalis	0.993883734674	Mixed	#cccccc
251	Lautropia mirabilis	Actinomyces sp. oral taxon 171	1.0	Supragingival_plaque	#ff8646
252	Lautropia mirabilis	Alistipes putredinis	1.0	Mixed	#cccccc
253	Lautropia mirabilis	Bacteroides coprocola	1.0	Mixed	#cccccc
254	Lautropia mirabilis	Bacteroides massiliensis	1.0	Mixed	#cccccc
255	Lautropia mirabilis	Bacteroides plebeius	1.0	Mixed	#cccccc
256	Lautropia mirabilis	Bacteroides stercoris	1.0	Mixed	#cccccc
257	Lautropia mirabilis	Bacteroides uniformis	1.0	Mixed	#cccccc
258	Lautropia mirabilis	Barnesiella intestinihominis	1.0	Mixed	#cccccc
259	Lautropia mirabilis	Bradyrhizobium japonicum	1.0	Mixed	#cccccc
260	Lautropia mirabilis	Capnocytophaga gingivalis	1.0	Supragingival_plaque	#ff8646
261	Lautropia mirabilis	Lactobacillus acidophilus	1.0	Mixed	#cccccc
262	Lautropia mirabilis	Lactobacillus amylovorus	1.0	Mixed	#cccccc
263	Lautropia mirabilis	Lactobacillus helveticus	0.996683241278	Mixed	#cccccc
264	Lautropia mirabilis	Lactobacillus kefiranofaciens	0.999981367497	Mixed	#cccccc
265	Lautropia mirabilis	Lactobacillus kitasatonis	1.0	Mixed	#cccccc
266	Lawsonella clevelandensis	Herbaspirillum huttiense	0.956378951653	Mixed	#cccccc
267	Levyella massiliensis	Actinomyces massiliensis	1.0	Mixed	#cccccc
268	Levyella massiliensis	Actinomyces naeslundii	0.925820099773	Mixed	#cccccc
269	Levyella massiliensis	Anaerococcus hydrogenalis	0.925820099773	Mixed	#cccccc
270	Levyella massiliensis	Anaerococcus prevotii	0.98692754244	Mixed	#cccccc
271	Levyella massiliensis	Bacteroides dorei	0.878310065654	Mixed	#cccccc
272	Levyella massiliensis	Campylobacter ureolyticus	0.925820099773	Mixed	#cccccc
273	Levyella massiliensis	Comamonas testosteroni	0.925820099773	Mixed	#cccccc
274	Levyella massiliensis	Corynebacterium pyruviciproducens	0.982707629824	Mixed	#cccccc
275	Levyella massiliensis	Cupriavidus basilensis	0.925820099773	Mixed	#cccccc
276	Levyella massiliensis	Herbaspirillum chlorophenolicum	0.925820099773	Mixed	#cccccc
277	Levyella massiliensis	Herbaspirillum seropedicae	0.878310065654	Mixed	#cccccc
278	Limnohabitans sp. Rim47	Actinomyces sp. oral taxon 171	1.0	Mixed	#cccccc
279	Limnohabitans sp. Rim47	Alistipes putredinis	1.0	Mixed	#cccccc
280	Limnohabitans sp. Rim47	Bacteroides coprocola	1.0	Mixed	#cccccc
281	Limnohabitans sp. Rim47	Bacteroides massiliensis	1.0	Mixed	#cccccc
282	Limnohabitans sp. Rim47	Bacteroides plebeius	1.0	Mixed	#cccccc
283	Limnohabitans sp. Rim47	Bacteroides stercoris	1.0	Mixed	#cccccc
284	Limnohabitans sp. Rim47	Bacteroides uniformis	1.0	Mixed	#cccccc
285	Limnohabitans sp. Rim47	Barnesiella intestinihominis	1.0	Mixed	#cccccc
286	Limnohabitans sp. Rim47	Bradyrhizobium japonicum	1.0	Vaginal_introitus	#ff0000
287	Limnohabitans sp. Rim47	Capnocytophaga gingivalis	1.0	Mixed	#cccccc
288	Limnohabitans sp. Rim47	Faecalibacterium prausnitzii	0.919145030018	Mixed	#cccccc
289	Limnohabitans sp. Rim47	Lactobacillus acidophilus	1.0	Mixed	#cccccc
290	Limnohabitans sp. Rim47	Lactobacillus amylovorus	1.0	Vaginal_introitus	#ff0000
291	Limnohabitans sp. Rim47	Lactobacillus helveticus	0.996683241278	Mixed	#cccccc
292	Limnohabitans sp. Rim47	Lactobacillus kefiranofaciens	0.999981367497	Vaginal_introitus	#ff0000
293	Limnohabitans sp. Rim47	Lactobacillus kitasatonis	1.0	Vaginal_introitus	#ff0000
294	Limnohabitans sp. Rim47	Lautropia mirabilis	1.0	Mixed	#cccccc
295	Mobiluncus curtisii	Actinobaculum sp. oral taxon 183	0.998682251313	Mixed	#cccccc
296	Mobiluncus curtisii	Actinomyces naeslundii	0.992583333971	Mixed	#cccccc
297	Mobiluncus curtisii	Anaerococcus hydrogenalis	0.992583333971	Mixed	#cccccc
298	Mobiluncus curtisii	Campylobacter ureolyticus	0.992583333971	Mixed	#cccccc
299	Mobiluncus curtisii	Comamonas testosteroni	0.992583333971	Mixed	#cccccc
300	Mobiluncus curtisii	Corynebacterium aurimucosum	0.909963754735	Mixed	#cccccc
301	Mobiluncus curtisii	Corynebacterium matruchotii	0.974697484601	Mixed	#cccccc
302	Mobiluncus curtisii	Corynebacterium pyruviciproducens	0.948215851214	Mixed	#cccccc
303	Mobiluncus curtisii	Cupriavidus basilensis	0.992583333971	Mixed	#cccccc
304	Mobiluncus curtisii	Dialister micraerophilus	0.977479748051	Mixed	#cccccc
305	Mobiluncus curtisii	Finegoldia magna	0.988713938166	Mixed	#cccccc
306	Mobiluncus curtisii	Herbaspirillum chlorophenolicum	0.992583333971	Mixed	#cccccc
307	Mobiluncus curtisii	Lactobacillus iners	0.967793756257	Posterior_fornix	#8efeac
308	Mobiluncus curtisii	Lactobacillus vaginalis	0.991993055558	Posterior_fornix	#8efeac
309	Mobiluncus curtisii	Lactococcus lactis	0.992583333971	Mixed	#cccccc
310	Mycobacterium abscessus	Actinobaculum sp. oral taxon 183	0.995317306884	Mixed	#cccccc
311	Mycobacterium abscessus	Actinomyces naeslundii	0.99708312456	Mixed	#cccccc
312	Mycobacterium abscessus	Anaerococcus hydrogenalis	0.99708312456	Mixed	#cccccc
313	Mycobacterium abscessus	Campylobacter ureolyticus	0.99708312456	Mixed	#cccccc
314	Mycobacterium abscessus	Comamonas testosteroni	0.99708312456	Mixed	#cccccc
315	Mycobacterium abscessus	Corynebacterium matruchotii	0.979116191241	Mixed	#cccccc
316	Mycobacterium abscessus	Corynebacterium pyruviciproducens	0.961673298985	Mixed	#cccccc
317	Mycobacterium abscessus	Cupriavidus basilensis	0.99708312456	Mixed	#cccccc
318	Mycobacterium abscessus	Dialister micraerophilus	0.981911067841	Mixed	#cccccc
319	Mycobacterium abscessus	Finegoldia magna	0.994464457003	Mixed	#cccccc
320	Mycobacterium abscessus	Herbaspirillum chlorophenolicum	0.99708312456	Vaginal_introitus	#ff0000
321	Mycobacterium abscessus	Lactobacillus iners	0.972181165442	Mixed	#cccccc
322	Mycobacterium abscessus	Lactobacillus vaginalis	0.994425618713	Mixed	#cccccc
323	Mycobacterium abscessus	Lactococcus lactis	0.99708312456	Mixed	#cccccc
324	Mycobacterium chelonae	Actinobaculum sp. oral taxon 183	0.961424932414	Mixed	#cccccc
325	Mycobacterium chelonae	Actinomyces massiliensis	0.960459850244	Mixed	#cccccc
326	Mycobacterium chelonae	Actinomyces naeslundii	0.994445346141	Mixed	#cccccc
327	Mycobacterium chelonae	Anaerococcus hydrogenalis	0.994445346141	Mixed	#cccccc
328	Mycobacterium chelonae	Campylobacter ureolyticus	0.994445346141	Mixed	#cccccc
329	Mycobacterium chelonae	Comamonas testosteroni	0.994445346141	Mid_vagina	#52f5cb
330	Mycobacterium chelonae	Corynebacterium matruchotii	0.976525944255	Mixed	#cccccc
331	Mycobacterium chelonae	Corynebacterium pyruviciproducens	0.995404316628	Mixed	#cccccc
332	Mycobacterium chelonae	Cupriavidus basilensis	0.994445346141	Mid_vagina	#52f5cb
333	Mycobacterium chelonae	Dialister micraerophilus	0.979313427023	Mixed	#cccccc
334	Mycobacterium chelonae	Finegoldia magna	0.996856826857	Mixed	#cccccc
335	Mycobacterium chelonae	Herbaspirillum chlorophenolicum	0.994445346141	Mixed	#cccccc
336	Mycobacterium chelonae	Lactobacillus iners	0.969609265032	Mixed	#cccccc
337	Mycobacterium chelonae	Lactobacillus vaginalis	0.983617827266	Mixed	#cccccc
338	Mycobacterium chelonae	Lactococcus lactis	0.994445346141	Mixed	#cccccc
339	Mycobacterium chelonae	Levyella massiliensis	0.960459850244	Mixed	#cccccc
340	Mycobacterium chelonae	Mobiluncus curtisii	0.974274526866	Mixed	#cccccc
341	Mycobacterium chelonae	Mycobacterium abscessus	0.98351132489	Mixed	#cccccc
342	Nocardia otitidiscaviarum	Actinobaculum sp. oral taxon 183	0.915748426301	Mixed	#cccccc
343	Nocardia otitidiscaviarum	Actinomyces massiliensis	0.989159571395	Mixed	#cccccc
344	Nocardia otitidiscaviarum	Anaerococcus hydrogenalis	0.971285862357	Mixed	#cccccc
345	Nocardia otitidiscaviarum	Anaerococcus prevotii	0.952562671547	Mixed	#cccccc
346	Nocardia otitidiscaviarum	Campylobacter ureolyticus	0.971285862357	Mixed	#cccccc
347	Nocardia otitidiscaviarum	Comamonas testosteroni	0.971285862357	Mid_vagina	#52f5cb
348	Nocardia otitidiscaviarum	Corynebacterium matruchotii	0.953783782648	Mixed	#cccccc
349	Nocardia otitidiscaviarum	Corynebacterium pyruviciproducens	0.999244998005	Mixed	#cccccc
350	Nocardia otitidiscaviarum	Cupriavidus basilensis	0.971285862357	Mid_vagina	#52f5cb
351	Nocardia otitidiscaviarum	Dialister micraerophilus	0.956506348162	Mixed	#cccccc
352	Nocardia otitidiscaviarum	Finegoldia magna	0.977383140396	Mixed	#cccccc
353	Nocardia otitidiscaviarum	Herbaspirillum chlorophenolicum	0.971285862357	Mixed	#cccccc
354	Nocardia otitidiscaviarum	Lactobacillus iners	0.947028184897	Mixed	#cccccc
355	Nocardia otitidiscaviarum	Lactobacillus vaginalis	0.954619162312	Mixed	#cccccc
356	Nocardia otitidiscaviarum	Lactococcus lactis	0.971285862357	Mixed	#cccccc
357	Nocardia otitidiscaviarum	Levyella massiliensis	0.989159571395	Mixed	#cccccc
358	Nocardia otitidiscaviarum	Mobiluncus curtisii	0.935159694712	Mixed	#cccccc
359	Nocardia otitidiscaviarum	Mycobacterium abscessus	0.950294253558	Mixed	#cccccc
360	Nocardia otitidiscaviarum	Mycobacterium chelonae	0.99093231648	Mid_vagina	#52f5cb
361	Oscillibacter sp. ER4	Actinomyces sp. oral taxon 171	1.0	Mixed	#cccccc
362	Oscillibacter sp. ER4	Alistipes putredinis	1.0	Stool	#e8cb72
363	Oscillibacter sp. ER4	Bacteroides coprocola	1.0	Stool	#e8cb72
364	Oscillibacter sp. ER4	Bacteroides massiliensis	1.0	Stool	#e8cb72
365	Oscillibacter sp. ER4	Bacteroides plebeius	1.0	Stool	#e8cb72
366	Oscillibacter sp. ER4	Bacteroides stercoris	1.0	Stool	#e8cb72
367	Oscillibacter sp. ER4	Bacteroides uniformis	1.0	Stool	#e8cb72
368	Oscillibacter sp. ER4	Barnesiella intestinihominis	1.0	Stool	#e8cb72
369	Oscillibacter sp. ER4	Bradyrhizobium japonicum	1.0	Mixed	#cccccc
370	Oscillibacter sp. ER4	Capnocytophaga gingivalis	1.0	Mixed	#cccccc
371	Oscillibacter sp. ER4	Lactobacillus acidophilus	1.0	Mixed	#cccccc
372	Oscillibacter sp. ER4	Lactobacillus amylovorus	1.0	Mixed	#cccccc
373	Oscillibacter sp. ER4	Lactobacillus helveticus	0.996683241278	Mixed	#cccccc
374	Oscillibacter sp. ER4	Lactobacillus kefiranofaciens	0.999981367497	Mixed	#cccccc
375	Oscillibacter sp. ER4	Lactobacillus kitasatonis	1.0	Mixed	#cccccc
376	Oscillibacter sp. ER4	Lautropia mirabilis	1.0	Mixed	#cccccc
377	Oscillibacter sp. ER4	Limnohabitans sp. Rim47	1.0	Mixed	#cccccc
378	Parabacteroides merdae	Corynebacterium matruchotii	0.944911182523	Mixed	#cccccc
379	Parabacteroides merdae	Herbaspirillum huttiense	0.99788090459	Mixed	#cccccc
380	Parabacteroides merdae	Herbaspirillum sp. B39	0.995859195464	Mixed	#cccccc
381	Parabacteroides merdae	Lawsonella clevelandensis	0.944911182523	Mixed	#cccccc
382	Peptoniphilus grossensis	Actinobaculum sp. oral taxon 183	0.985036562622	Mixed	#cccccc
383	Peptoniphilus grossensis	Actinomyces massiliensis	0.925820099773	Mixed	#cccccc
384	Peptoniphilus grossensis	Actinomyces naeslundii	1.0	Mixed	#cccccc
385	Peptoniphilus grossensis	Anaerococcus hydrogenalis	1.0	Mixed	#cccccc
386	Peptoniphilus grossensis	Campylobacter ureolyticus	1.0	R_Retroauricular_crease	#acf59a
387	Peptoniphilus grossensis	Comamonas testosteroni	1.0	Mixed	#cccccc
388	Peptoniphilus grossensis	Corynebacterium matruchotii	0.981980506062	Mixed	#cccccc
389	Peptoniphilus grossensis	Corynebacterium pyruviciproducens	0.979795897113	R_Retroauricular_crease	#acf59a
390	Peptoniphilus grossensis	Cupriavidus basilensis	1.0	Mixed	#cccccc
391	Peptoniphilus grossensis	Dialister micraerophilus	0.984783558818	Mixed	#cccccc
392	Peptoniphilus grossensis	Finegoldia magna	0.999493638482	R_Retroauricular_crease	#acf59a
393	Peptoniphilus grossensis	Herbaspirillum chlorophenolicum	1.0	Mixed	#cccccc
394	Peptoniphilus grossensis	Lactobacillus iners	0.975025192479	Mixed	#cccccc
395	Peptoniphilus grossensis	Lactobacillus vaginalis	0.993883734674	Mixed	#cccccc
396	Peptoniphilus grossensis	Lactococcus lactis	1.0	Mixed	#cccccc
397	Peptoniphilus grossensis	Mobiluncus curtisii	0.992583333971	Mixed	#cccccc
398	Peptoniphilus grossensis	Mycobacterium abscessus	0.99708312456	Mixed	#cccccc
399	Peptoniphilus grossensis	Nocardia otitidiscaviarum	0.971285862357	Mixed	#cccccc
400	Peptoniphilus harei	Actinobaculum sp. oral taxon 183	0.993102011737	Mixed	#cccccc
401	Peptoniphilus harei	Actinomyces naeslundii	0.997366631506	Mixed	#cccccc
402	Peptoniphilus harei	Anaerococcus hydrogenalis	0.997366631506	Mixed	#cccccc
403	Peptoniphilus harei	Campylobacter ureolyticus	0.997366631506	R_Retroauricular_crease	#acf59a
404	Peptoniphilus harei	Comamonas testosteroni	0.997366631506	Mixed	#cccccc
405	Peptoniphilus harei	Corynebacterium matruchotii	0.975262122913	Mixed	#cccccc
406	Peptoniphilus harei	Corynebacterium pyruviciproducens	0.964845914056	R_Retroauricular_crease	#acf59a
407	Peptoniphilus harei	Cupriavidus basilensis	0.997366631506	Mixed	#cccccc
408	Peptoniphilus harei	Dialister micraerophilus	0.984384282252	Mixed	#cccccc
409	Peptoniphilus harei	Finegoldia magna	0.99549126844	R_Retroauricular_crease	#acf59a
410	Peptoniphilus harei	Herbaspirillum chlorophenolicum	0.997366631506	Mixed	#cccccc
411	Peptoniphilus harei	Lactobacillus iners	0.977185496578	Mixed	#cccccc
412	Peptoniphilus harei	Lactobacillus vaginalis	0.995449031516	Mixed	#cccccc
413	Peptoniphilus harei	Lactococcus lactis	0.997366631506	Mixed	#cccccc
414	Peptoniphilus harei	Mobiluncus curtisii	0.997488251959	Mixed	#cccccc
415	Peptoniphilus harei	Mycobacterium abscessus	0.999177963083	Mixed	#cccccc
416	Peptoniphilus harei	Mycobacterium chelonae	0.985316725833	Mixed	#cccccc
417	Peptoniphilus harei	Nocardia otitidiscaviarum	0.95401325142	Mixed	#cccccc
418	Peptoniphilus harei	Peptoniphilus grossensis	0.997366631506	R_Retroauricular_crease	#acf59a
419	Peptoniphilus sp. BV3AC2	Comamonas testosteroni	0.919145030018	Mixed	#cccccc
420	Peptoniphilus sp. BV3AC2	Cupriavidus basilensis	0.919145030018	Mixed	#cccccc
421	Peptoniphilus sp. BV3AC2	Herbaspirillum chlorophenolicum	0.919145030018	Mixed	#cccccc
422	Peptoniphilus sp. BV3AC2	Lactobacillus iners	0.948020592186	Posterior_fornix	#8efeac
423	Peptoniphilus sp. BV3AC2	Lactobacillus ultunensis	0.913500278391	Mixed	#cccccc
424	Peptoniphilus sp. BV3AC2	Lactococcus lactis	0.919145030018	Mixed	#cccccc
425	Peptoniphilus sp. BV3AC2	Mycobacterium chelonae	0.91403949753	Mixed	#cccccc
426	Peptoniphilus sp. BV3C26	Actinobaculum sp. oral taxon 183	0.985036562622	Mixed	#cccccc
427	Peptoniphilus sp. BV3C26	Actinomyces massiliensis	0.925820099773	Mixed	#cccccc
428	Peptoniphilus sp. BV3C26	Actinomyces naeslundii	1.0	Mixed	#cccccc
429	Peptoniphilus sp. BV3C26	Anaerococcus hydrogenalis	1.0	Mixed	#cccccc
430	Peptoniphilus sp. BV3C26	Campylobacter ureolyticus	1.0	Mixed	#cccccc
431	Peptoniphilus sp. BV3C26	Comamonas testosteroni	1.0	Mixed	#cccccc
432	Peptoniphilus sp. BV3C26	Corynebacterium matruchotii	0.981980506062	Mixed	#cccccc
433	Peptoniphilus sp. BV3C26	Corynebacterium pyruviciproducens	0.979795897113	Mixed	#cccccc
434	Peptoniphilus sp. BV3C26	Cupriavidus basilensis	1.0	Mixed	#cccccc
435	Peptoniphilus sp. BV3C26	Dialister micraerophilus	0.984783558818	Mixed	#cccccc
436	Peptoniphilus sp. BV3C26	Finegoldia magna	0.999493638482	Mixed	#cccccc
437	Peptoniphilus sp. BV3C26	Herbaspirillum chlorophenolicum	1.0	Vaginal_introitus	#ff0000
438	Peptoniphilus sp. BV3C26	Lactobacillus iners	0.975025192479	Mixed	#cccccc
439	Peptoniphilus sp. BV3C26	Lactobacillus vaginalis	0.993883734674	Mixed	#cccccc
440	Peptoniphilus sp. BV3C26	Lactococcus lactis	1.0	Mixed	#cccccc
441	Peptoniphilus sp. BV3C26	Levyella massiliensis	0.925820099773	Mixed	#cccccc
442	Peptoniphilus sp. BV3C26	Mobiluncus curtisii	0.992583333971	Mixed	#cccccc
443	Peptoniphilus sp. BV3C26	Mycobacterium abscessus	0.99708312456	Vaginal_introitus	#ff0000
444	Peptoniphilus sp. BV3C26	Mycobacterium chelonae	0.994445346141	Mixed	#cccccc
445	Peptoniphilus sp. BV3C26	Nocardia otitidiscaviarum	0.971285862357	Mixed	#cccccc
446	Peptoniphilus sp. BV3C26	Peptoniphilus grossensis	1.0	Mixed	#cccccc
447	Peptoniphilus sp. BV3C26	Peptoniphilus harei	0.997366631506	Mixed	#cccccc
448	Peptoniphilus timonensis	Corynebacterium aurimucosum	0.943879807449	Mixed	#cccccc
449	Peptostreptococcus anaerobius	Actinobaculum sp. oral taxon 183	0.915748426301	Mixed	#cccccc
450	Peptostreptococcus anaerobius	Actinomyces massiliensis	0.989159571395	Mixed	#cccccc
451	Peptostreptococcus anaerobius	Actinomyces naeslundii	0.971285862357	Mixed	#cccccc
452	Peptostreptococcus anaerobius	Anaerococcus hydrogenalis	0.971285862357	Mixed	#cccccc
453	Peptostreptococcus anaerobius	Anaerococcus prevotii	0.952562671547	Mixed	#cccccc
454	Peptostreptococcus anaerobius	Campylobacter ureolyticus	0.971285862357	Mixed	#cccccc
455	Peptostreptococcus anaerobius	Comamonas testosteroni	0.971285862357	Mixed	#cccccc
456	Peptostreptococcus anaerobius	Corynebacterium matruchotii	0.953783782648	Mixed	#cccccc
457	Peptostreptococcus anaerobius	Corynebacterium pyruviciproducens	0.999244998005	Mixed	#cccccc
458	Peptostreptococcus anaerobius	Cupriavidus basilensis	0.971285862357	Mixed	#cccccc
459	Peptostreptococcus anaerobius	Dialister micraerophilus	0.956506348162	Saliva	#cbe486
460	Peptostreptococcus anaerobius	Finegoldia magna	0.977383140396	Mixed	#cccccc
461	Peptostreptococcus anaerobius	Herbaspirillum chlorophenolicum	0.971285862357	Mixed	#cccccc
462	Peptostreptococcus anaerobius	Lactobacillus iners	0.947028184897	Mixed	#cccccc
463	Peptostreptococcus anaerobius	Lactobacillus vaginalis	0.954619162312	Mixed	#cccccc
464	Peptostreptococcus anaerobius	Lactococcus lactis	0.971285862357	Mixed	#cccccc
465	Peptostreptococcus anaerobius	Levyella massiliensis	0.989159571395	Mixed	#cccccc
466	Peptostreptococcus anaerobius	Mobiluncus curtisii	0.935159694712	Mixed	#cccccc
467	Peptostreptococcus anaerobius	Mycobacterium abscessus	0.950294253558	Mixed	#cccccc
468	Peptostreptococcus anaerobius	Mycobacterium chelonae	0.99093231648	Mixed	#cccccc
469	Peptostreptococcus anaerobius	Nocardia otitidiscaviarum	1.0	Mixed	#cccccc
470	Peptostreptococcus anaerobius	Peptoniphilus grossensis	0.971285862357	Mixed	#cccccc
471	Peptostreptococcus anaerobius	Peptoniphilus harei	0.95401325142	Mixed	#cccccc
472	Peptostreptococcus anaerobius	Peptoniphilus sp. BV3C26	0.971285862357	Mixed	#cccccc
473	Porphyromonas uenonis	Actinobaculum sp. oral taxon 183	0.985036562622	Mixed	#cccccc
474	Porphyromonas uenonis	Actinomyces massiliensis	0.925820099773	Mixed	#cccccc
475	Porphyromonas uenonis	Actinomyces naeslundii	1.0	Mixed	#cccccc
476	Porphyromonas uenonis	Anaerococcus hydrogenalis	1.0	Mixed	#cccccc
477	Porphyromonas uenonis	Campylobacter ureolyticus	1.0	Mixed	#cccccc
478	Porphyromonas uenonis	Comamonas testosteroni	1.0	Mixed	#cccccc
479	Porphyromonas uenonis	Corynebacterium aurimucosum	0.852802865422	Mixed	#cccccc
480	Porphyromonas uenonis	Corynebacterium matruchotii	0.981980506062	Mixed	#cccccc
481	Porphyromonas uenonis	Corynebacterium pyruviciproducens	0.979795897113	Mixed	#cccccc
482	Porphyromonas uenonis	Cupriavidus basilensis	1.0	Mixed	#cccccc
483	Porphyromonas uenonis	Dialister micraerophilus	0.984783558818	Mixed	#cccccc
484	Porphyromonas uenonis	Finegoldia magna	0.999493638482	Mixed	#cccccc
485	Porphyromonas uenonis	Herbaspirillum chlorophenolicum	1.0	Mixed	#cccccc
486	Porphyromonas uenonis	Lactobacillus iners	0.975025192479	Posterior_fornix	#8efeac
487	Porphyromonas uenonis	Lactobacillus vaginalis	0.993883734674	Posterior_fornix	#8efeac
488	Porphyromonas uenonis	Lactococcus lactis	1.0	Mixed	#cccccc
489	Porphyromonas uenonis	Levyella massiliensis	0.925820099773	Mixed	#cccccc
490	Porphyromonas uenonis	Mobiluncus curtisii	0.992583333971	Posterior_fornix	#8efeac
491	Porphyromonas uenonis	Mycobacterium abscessus	0.99708312456	Mixed	#cccccc
492	Porphyromonas uenonis	Mycobacterium chelonae	0.994445346141	Mixed	#cccccc
493	Porphyromonas uenonis	Nocardia otitidiscaviarum	0.971285862357	Mixed	#cccccc
494	Porphyromonas uenonis	Peptoniphilus grossensis	1.0	Mixed	#cccccc
495	Porphyromonas uenonis	Peptoniphilus harei	0.997366631506	Mixed	#cccccc
496	Porphyromonas uenonis	Peptoniphilus sp. BV3AC2	0.919145030018	Posterior_fornix	#8efeac
497	Porphyromonas uenonis	Peptoniphilus sp. BV3C26	1.0	Mixed	#cccccc
498	Porphyromonas uenonis	Peptostreptococcus anaerobius	0.971285862357	Mixed	#cccccc
499	Prevotella bivia	Actinobaculum sp. oral taxon 183	0.952801544435	Mixed	#cccccc
500	Prevotella bivia	Actinomyces massiliensis	0.968329663731	Mixed	#cccccc
501	Prevotella bivia	Actinomyces naeslundii	0.990867388614	Mixed	#cccccc
502	Prevotella bivia	Anaerococcus hydrogenalis	0.990867388614	Mixed	#cccccc
503	Prevotella bivia	Campylobacter ureolyticus	0.990867388614	Mixed	#cccccc
504	Prevotella bivia	Comamonas testosteroni	0.990867388614	Mixed	#cccccc
505	Prevotella bivia	Corynebacterium matruchotii	0.973012459711	Mixed	#cccccc
506	Prevotella bivia	Corynebacterium pyruviciproducens	0.997815796446	Mixed	#cccccc
507	Prevotella bivia	Cupriavidus basilensis	0.990867388614	Mixed	#cccccc
508	Prevotella bivia	Dialister micraerophilus	0.975789913276	Saliva	#cbe486
509	Prevotella bivia	Finegoldia magna	0.994100061949	Mixed	#cccccc
510	Prevotella bivia	Herbaspirillum chlorophenolicum	0.990867388614	Mixed	#cccccc
511	Prevotella bivia	Lactobacillus iners	0.966120666305	Mixed	#cccccc
512	Prevotella bivia	Lactobacillus vaginalis	0.978727925325	Mixed	#cccccc
513	Prevotella bivia	Lactococcus lactis	0.990867388614	Mixed	#cccccc
514	Prevotella bivia	Levyella massiliensis	0.968329663731	Mixed	#cccccc
515	Prevotella bivia	Mobiluncus curtisii	0.967126481845	Mixed	#cccccc
516	Prevotella bivia	Mycobacterium abscessus	0.977685723198	Mixed	#cccccc
517	Prevotella bivia	Nocardia otitidiscaviarum	0.994496002232	Mixed	#cccccc
518	Prevotella bivia	Peptoniphilus grossensis	0.990867388614	Mixed	#cccccc
519	Prevotella bivia	Peptoniphilus harei	0.979918339105	Mixed	#cccccc
520	Prevotella bivia	Peptoniphilus sp. BV3AC2	0.910750835651	Mixed	#cccccc
521	Prevotella bivia	Peptoniphilus sp. BV3C26	0.990867388614	Mixed	#cccccc
522	Prevotella bivia	Peptostreptococcus anaerobius	0.994496002232	Saliva	#cbe486
523	Prevotella bivia	Porphyromonas uenonis	0.990867388614	Mixed	#cccccc
524	Prevotella buccalis	Actinomyces massiliensis	1.0	Mixed	#cccccc
525	Prevotella buccalis	Anaerococcus prevotii	0.98692754244	L_Retroauricular_crease	#34e4d9
526	Prevotella buccalis	Bacteroides sp. 2_2_4	0.878310065654	Mixed	#cccccc
527	Prevotella buccalis	Campylobacter ureolyticus	0.925820099773	Mixed	#cccccc
528	Prevotella buccalis	Cupriavidus basilensis	0.925820099773	Mixed	#cccccc
529	Prevotella buccalis	Finegoldia magna	0.935819074989	Mixed	#cccccc
530	Prevotella buccalis	Herbaspirillum chlorophenolicum	0.925820099773	Mixed	#cccccc
531	Prevotella buccalis	Lactobacillus iners	0.902697920982	Mixed	#cccccc
532	Prevotella buccalis	Lactococcus lactis	0.925820099773	Mixed	#cccccc
533	Prevotella buccalis	Levyella massiliensis	1.0	Mixed	#cccccc
534	Prevotella buccalis	Nocardia otitidiscaviarum	0.989159571395	Mixed	#cccccc
535	Prevotella buccalis	Peptoniphilus grossensis	0.925820099773	Mixed	#cccccc
536	Prevotella buccalis	Peptostreptococcus anaerobius	0.989159571395	Mixed	#cccccc
537	Prevotella buccalis	Porphyromonas uenonis	0.925820099773	Mixed	#cccccc
538	Prevotella buccalis	Prevotella bivia	0.968329663731	Mixed	#cccccc
539	Prevotella disiens	Actinobaculum sp. oral taxon 183	0.984242711671	Mixed	#cccccc
540	Prevotella disiens	Actinomyces naeslundii	0.978231976089	Mixed	#cccccc
541	Prevotella disiens	Anaerococcus hydrogenalis	0.978231976089	Mixed	#cccccc
542	Prevotella disiens	Campylobacter ureolyticus	0.978231976089	Mixed	#cccccc
543	Prevotella disiens	Comamonas testosteroni	0.978231976089	Mixed	#cccccc
544	Prevotella disiens	Corynebacterium matruchotii	0.960604730926	Mixed	#cccccc
545	Prevotella disiens	Corynebacterium pyruviciproducens	0.934505984682	Mixed	#cccccc
546	Prevotella disiens	Cupriavidus basilensis	0.978231976089	Mixed	#cccccc
547	Prevotella disiens	Dialister micraerophilus	0.980347003823	Mixed	#cccccc
548	Prevotella disiens	Finegoldia magna	0.974418526301	Mixed	#cccccc
549	Prevotella disiens	Herbaspirillum chlorophenolicum	0.978231976089	Mixed	#cccccc
550	Prevotella disiens	Lactobacillus iners	0.953305768447	Mixed	#cccccc
551	Prevotella disiens	Lactobacillus vaginalis	0.977650232271	Mixed	#cccccc
552	Prevotella disiens	Lactococcus lactis	0.978231976089	Mixed	#cccccc
553	Prevotella disiens	Mobiluncus curtisii	0.985541407567	Mixed	#cccccc
554	Prevotella disiens	Mycobacterium abscessus	0.984522769594	Mixed	#cccccc
555	Prevotella disiens	Mycobacterium chelonae	0.960187888564	Mixed	#cccccc
556	Prevotella disiens	Nocardia otitidiscaviarum	0.921638601827	Mixed	#cccccc
557	Prevotella disiens	Peptoniphilus grossensis	0.978231976089	Mixed	#cccccc
558	Prevotella disiens	Peptoniphilus harei	0.986770998389	Mixed	#cccccc
559	Prevotella disiens	Peptoniphilus sp. BV3C26	0.978231976089	Mixed	#cccccc
560	Prevotella disiens	Porphyromonas uenonis	0.978231976089	Mixed	#cccccc
561	Prevotella disiens	Prevotella bivia	0.953143194212	Mixed	#cccccc
562	Prevotella oris	Blautia obeum	1.0	Mixed	#cccccc
563	Prevotella oris	Corynebacterium aurimucosum	0.943879807449	Mixed	#cccccc
564	Prevotella sp. 109	Actinomyces sp. oral taxon 171	1.0	Mixed	#cccccc
565	Prevotella sp. 109	Alistipes putredinis	1.0	Stool	#e8cb72
566	Prevotella sp. 109	Bacteroides coprocola	1.0	Stool	#e8cb72
567	Prevotella sp. 109	Bacteroides massiliensis	1.0	Stool	#e8cb72
568	Prevotella sp. 109	Bacteroides plebeius	1.0	Stool	#e8cb72
569	Prevotella sp. 109	Bacteroides stercoris	1.0	Stool	#e8cb72
570	Prevotella sp. 109	Bacteroides uniformis	1.0	Stool	#e8cb72
571	Prevotella sp. 109	Barnesiella intestinihominis	1.0	Stool	#e8cb72
572	Prevotella sp. 109	Bradyrhizobium japonicum	1.0	Mixed	#cccccc
573	Prevotella sp. 109	Capnocytophaga gingivalis	1.0	Mixed	#cccccc
574	Prevotella sp. 109	Faecalibacterium prausnitzii	0.919145030018	Stool	#e8cb72
575	Prevotella sp. 109	Lactobacillus acidophilus	1.0	Mixed	#cccccc
576	Prevotella sp. 109	Lactobacillus amylovorus	1.0	Mixed	#cccccc
577	Prevotella sp. 109	Lactobacillus helveticus	0.996683241278	Mixed	#cccccc
578	Prevotella sp. 109	Lactobacillus kefiranofaciens	0.999981367497	Mixed	#cccccc
579	Prevotella sp. 109	Lactobacillus kitasatonis	1.0	Mixed	#cccccc
580	Prevotella sp. 109	Lautropia mirabilis	1.0	Mixed	#cccccc
581	Prevotella sp. 109	Limnohabitans sp. Rim47	1.0	Mixed	#cccccc
582	Prevotella sp. 109	Oscillibacter sp. ER4	1.0	Stool	#e8cb72
583	Prevotella sp. C561	Corynebacterium aurimucosum	0.943879807449	Mixed	#cccccc
584	Prevotella sp. C561	Corynebacterium diphtheriae	1.0	Mixed	#cccccc
585	Prevotella sp. oral taxon 473	Anaerococcus prevotii	0.943879807449	Mixed	#cccccc
586	Prevotella sp. oral taxon 473	Lactobacillus reuteri	1.0	Mixed	#cccccc
587	Prevotella sp. S7-1-8	Actinobaculum sp. oral taxon 183	0.940594059406	Mixed	#cccccc
588	Prevotella sp. S7-1-8	Actinomyces massiliensis	0.977107123593	Mixed	#cccccc
589	Prevotella sp. S7-1-8	Actinomyces naeslundii	0.985036562622	Mixed	#cccccc
590	Prevotella sp. S7-1-8	Anaerococcus hydrogenalis	0.985036562622	Mixed	#cccccc
591	Prevotella sp. S7-1-8	Anaerococcus prevotii	0.930046503488	Mixed	#cccccc
592	Prevotella sp. S7-1-8	Campylobacter ureolyticus	0.985036562622	Mixed	#cccccc
593	Prevotella sp. S7-1-8	Comamonas testosteroni	0.985036562622	Mixed	#cccccc
594	Prevotella sp. S7-1-8	Corynebacterium matruchotii	0.967286702253	Mixed	#cccccc
595	Prevotella sp. S7-1-8	Corynebacterium pyruviciproducens	0.999603881941	Mixed	#cccccc
596	Prevotella sp. S7-1-8	Cupriavidus basilensis	0.985036562622	Mixed	#cccccc
597	Prevotella sp. S7-1-8	Dialister micraerophilus	0.970047811705	Mixed	#cccccc
598	Prevotella sp. S7-1-8	Finegoldia magna	0.989310908805	Mixed	#cccccc
599	Prevotella sp. S7-1-8	Herbaspirillum chlorophenolicum	0.985036562622	Mixed	#cccccc
600	Prevotella sp. S7-1-8	Lactobacillus iners	0.96043546407	Posterior_fornix	#8efeac
601	Prevotella sp. S7-1-8	Lactobacillus vaginalis	0.971241882589	Posterior_fornix	#8efeac
602	Prevotella sp. S7-1-8	Lactococcus lactis	0.985036562622	Mixed	#cccccc
603	Prevotella sp. S7-1-8	Levyella massiliensis	0.977107123593	Mixed	#cccccc
604	Prevotella sp. S7-1-8	Mobiluncus curtisii	0.956779499509	Posterior_fornix	#8efeac
605	Prevotella sp. S7-1-8	Mycobacterium abscessus	0.969009360446	Mixed	#cccccc
606	Prevotella sp. S7-1-8	Mycobacterium chelonae	0.997705118543	Mixed	#cccccc
607	Prevotella sp. S7-1-8	Nocardia otitidiscaviarum	0.997755748059	Mixed	#cccccc
608	Prevotella sp. S7-1-8	Peptoniphilus grossensis	0.985036562622	Mixed	#cccccc
609	Prevotella sp. S7-1-8	Peptoniphilus harei	0.971783185009	Mixed	#cccccc
610	Prevotella sp. S7-1-8	Peptoniphilus sp. BV3C26	0.985036562622	Mixed	#cccccc
611	Prevotella sp. S7-1-8	Peptostreptococcus anaerobius	0.997755748059	Mixed	#cccccc
612	Prevotella sp. S7-1-8	Porphyromonas uenonis	0.985036562622	Posterior_fornix	#8efeac
613	Prevotella sp. S7-1-8	Prevotella bivia	0.999279668554	Mixed	#cccccc
614	Prevotella sp. S7-1-8	Prevotella buccalis	0.977107123593	Mixed	#cccccc
615	Prevotella sp. S7-1-8	Prevotella disiens	0.942945814677	Mixed	#cccccc
616	Prevotella timonensis	Actinobaculum sp. oral taxon 183	0.98809715482	Mixed	#cccccc
617	Prevotella timonensis	Actinomyces massiliensis	0.916896235049	Mixed	#cccccc
618	Prevotella timonensis	Actinomyces naeslundii	0.999283296742	Mixed	#cccccc
619	Prevotella timonensis	Anaerococcus hydrogenalis	0.999283296742	Mixed	#cccccc
620	Prevotella timonensis	Campylobacter ureolyticus	0.999283296742	Mixed	#cccccc
621	Prevotella timonensis	Comamonas testosteroni	0.999283296742	Mixed	#cccccc
622	Prevotella timonensis	Corynebacterium matruchotii	0.975435784593	Mixed	#cccccc
623	Prevotella timonensis	Corynebacterium pyruviciproducens	0.974722720299	Mixed	#cccccc
624	Prevotella timonensis	Cupriavidus basilensis	0.999283296742	Mixed	#cccccc
625	Prevotella timonensis	Dialister micraerophilus	0.980976675851	Mixed	#cccccc
626	Prevotella timonensis	Finegoldia magna	0.998656244002	Mixed	#cccccc
627	Prevotella timonensis	Herbaspirillum chlorophenolicum	0.999283296742	Mixed	#cccccc
628	Prevotella timonensis	Lactobacillus iners	0.981189538051	Mixed	#cccccc
629	Prevotella timonensis	Lactobacillus vaginalis	0.997112571372	Mixed	#cccccc
630	Prevotella timonensis	Lactococcus lactis	0.999283296742	Anterior_nares	#8000ff
631	Prevotella timonensis	Levyella massiliensis	0.916896235049	Anterior_nares	#8000ff
632	Prevotella timonensis	Mobiluncus curtisii	0.994528746118	Mixed	#cccccc
633	Prevotella timonensis	Mycobacterium abscessus	0.998036539479	Mixed	#cccccc
634	Prevotella timonensis	Mycobacterium chelonae	0.991432316922	Mixed	#cccccc
635	Prevotella timonensis	Nocardia otitidiscaviarum	0.96539015073	Mixed	#cccccc
636	Prevotella timonensis	Peptoniphilus grossensis	0.999283296742	Mixed	#cccccc
637	Prevotella timonensis	Peptoniphilus harei	0.998679362233	Mixed	#cccccc
638	Prevotella timonensis	Peptoniphilus sp. BV3C26	0.999283296742	Mixed	#cccccc
639	Prevotella timonensis	Peptostreptococcus anaerobius	0.96539015073	Mixed	#cccccc
640	Prevotella timonensis	Porphyromonas uenonis	0.999283296742	Mixed	#cccccc
641	Prevotella timonensis	Prevotella bivia	0.987210334209	Mixed	#cccccc
642	Prevotella timonensis	Prevotella buccalis	0.916896235049	Mixed	#cccccc
643	Prevotella timonensis	Prevotella disiens	0.980149260315	Mixed	#cccccc
644	Prevotella timonensis	Prevotella sp. S7-1-8	0.980564012598	Mixed	#cccccc
645	Propionibacterium humerusii	Actinobaculum sp. oral taxon 183	0.895533471189	Mixed	#cccccc
646	Propionibacterium humerusii	Actinomyces massiliensis	0.945610857689	Mixed	#cccccc
647	Propionibacterium humerusii	Actinomyces naeslundii	0.942809041582	Mixed	#cccccc
648	Propionibacterium humerusii	Anaerococcus hydrogenalis	0.942809041582	Mixed	#cccccc
649	Propionibacterium humerusii	Comamonas testosteroni	0.942809041582	Mixed	#cccccc
650	Propionibacterium humerusii	Corynebacterium pyruviciproducens	0.962250448649	R_Retroauricular_crease	#acf59a
651	Propionibacterium humerusii	Lactobacillus iners	0.979698514567	Mixed	#cccccc
652	Propionibacterium humerusii	Lactobacillus vaginalis	0.954395211541	Mixed	#cccccc
653	Propionibacterium humerusii	Lactococcus lactis	0.942809041582	Mixed	#cccccc
654	Propionibacterium humerusii	Levyella massiliensis	0.945610857689	Mixed	#cccccc
655	Propionibacterium humerusii	Mycobacterium chelonae	0.957828250262	Mixed	#cccccc
656	Propionibacterium humerusii	Nocardia otitidiscaviarum	0.961523947641	Mixed	#cccccc
657	Propionibacterium humerusii	Peptostreptococcus anaerobius	0.961523947641	Mixed	#cccccc
658	Propionibacterium humerusii	Porphyromonas uenonis	0.942809041582	Mixed	#cccccc
659	Propionibacterium humerusii	Prevotella bivia	0.960148697799	Mixed	#cccccc
660	Propionibacterium humerusii	Prevotella buccalis	0.945610857689	Mixed	#cccccc
661	Propionibacterium humerusii	Prevotella sp. S7-1-8	0.96186928387	Mixed	#cccccc
662	Propionibacterium humerusii	Prevotella timonensis	0.946339279625	Mixed	#cccccc
663	Propionibacterium propionicum	Corynebacterium aurimucosum	0.943879807449	Mixed	#cccccc
664	Propionibacterium propionicum	Prevotella sp. C561	1.0	Mixed	#cccccc
665	Pseudomonas aeruginosa	Actinomyces massiliensis	1.0	Mixed	#cccccc
666	Pseudomonas aeruginosa	Actinomyces naeslundii	0.925820099773	Mixed	#cccccc
667	Pseudomonas aeruginosa	Actinomyces neuii	0.878310065654	Mixed	#cccccc
668	Pseudomonas aeruginosa	Anaerococcus prevotii	0.98692754244	Mixed	#cccccc
669	Pseudomonas aeruginosa	Campylobacter ureolyticus	0.925820099773	Mixed	#cccccc
670	Pseudomonas aeruginosa	Comamonas testosteroni	0.925820099773	Mixed	#cccccc
671	Pseudomonas aeruginosa	Corynebacterium matruchotii	0.909137290097	Mixed	#cccccc
672	Pseudomonas aeruginosa	Corynebacterium pyruviciproducens	0.982707629824	Mixed	#cccccc
673	Pseudomonas aeruginosa	Cupriavidus basilensis	0.925820099773	Mixed	#cccccc
674	Pseudomonas aeruginosa	Finegoldia magna	0.935819074989	Mixed	#cccccc
675	Pseudomonas aeruginosa	Herbaspirillum chlorophenolicum	0.925820099773	Mixed	#cccccc
676	Pseudomonas aeruginosa	Lactobacillus iners	0.902697920982	Mixed	#cccccc
677	Pseudomonas aeruginosa	Lactococcus lactis	0.925820099773	Anterior_nares	#8000ff
678	Pseudomonas aeruginosa	Levyella massiliensis	1.0	Anterior_nares	#8000ff
679	Pseudomonas aeruginosa	Mycobacterium chelonae	0.960459850244	Mixed	#cccccc
680	Pseudomonas aeruginosa	Nocardia otitidiscaviarum	0.989159571395	Mixed	#cccccc
681	Pseudomonas aeruginosa	Peptoniphilus grossensis	0.925820099773	Mixed	#cccccc
682	Pseudomonas aeruginosa	Peptoniphilus harei	0.900005312916	Mixed	#cccccc
683	Pseudomonas aeruginosa	Peptoniphilus sp. BV3C26	0.925820099773	Mixed	#cccccc
684	Pseudomonas aeruginosa	Peptostreptococcus anaerobius	0.989159571395	Mixed	#cccccc
685	Pseudomonas aeruginosa	Porphyromonas uenonis	0.925820099773	Mixed	#cccccc
686	Pseudomonas aeruginosa	Prevotella bivia	0.968329663731	Mixed	#cccccc
687	Pseudomonas aeruginosa	Prevotella buccalis	1.0	Mixed	#cccccc
688	Pseudomonas aeruginosa	Prevotella sp. S7-1-8	0.977107123593	Mixed	#cccccc
689	Pseudomonas aeruginosa	Prevotella timonensis	0.916896235049	Anterior_nares	#8000ff
690	Pseudomonas aeruginosa	Propionibacterium humerusii	0.945610857689	Mixed	#cccccc
691	Pseudomonas extremaustralis	Corynebacterium aurimucosum	0.943879807449	Mixed	#cccccc
692	Pseudomonas fluorescens	Actinobaculum sp. oral taxon 183	0.987937282381	Mixed	#cccccc
693	Pseudomonas fluorescens	Actinomyces naeslundii	0.999375585328	Mixed	#cccccc
694	Pseudomonas fluorescens	Anaerococcus hydrogenalis	0.999375585328	Mixed	#cccccc
695	Pseudomonas fluorescens	Campylobacter ureolyticus	0.999375585328	Mixed	#cccccc
696	Pseudomonas fluorescens	Comamonas testosteroni	0.999375585328	Mixed	#cccccc
697	Pseudomonas fluorescens	Corynebacterium matruchotii	0.986819383821	Mixed	#cccccc
698	Pseudomonas fluorescens	Corynebacterium pyruviciproducens	0.975104164437	Mixed	#cccccc
699	Pseudomonas fluorescens	Cupriavidus basilensis	0.999375585328	Mixed	#cccccc
700	Pseudomonas fluorescens	Dialister micraerophilus	0.987063259178	Mixed	#cccccc
701	Pseudomonas fluorescens	Finegoldia magna	0.997852591362	Mixed	#cccccc
702	Pseudomonas fluorescens	Herbaspirillum chlorophenolicum	0.999375585328	Vaginal_introitus	#ff0000
703	Pseudomonas fluorescens	Lactobacillus iners	0.968010174839	Mixed	#cccccc
704	Pseudomonas fluorescens	Lactobacillus vaginalis	0.991423762904	Mixed	#cccccc
705	Pseudomonas fluorescens	Lactococcus lactis	0.999375585328	Mixed	#cccccc
706	Pseudomonas fluorescens	Mobiluncus curtisii	0.99444345925	Mixed	#cccccc
707	Pseudomonas fluorescens	Mycobacterium abscessus	0.998017500807	Vaginal_introitus	#ff0000
708	Pseudomonas fluorescens	Mycobacterium chelonae	0.991677248395	Mixed	#cccccc
709	Pseudomonas fluorescens	Nocardia otitidiscaviarum	0.965825980328	Mixed	#cccccc
710	Pseudomonas fluorescens	Peptoniphilus grossensis	0.999375585328	Mixed	#cccccc
711	Pseudomonas fluorescens	Peptoniphilus harei	0.997374711692	Mixed	#cccccc
712	Pseudomonas fluorescens	Peptoniphilus sp. BV3AC2	0.912009880216	Mixed	#cccccc
713	Pseudomonas fluorescens	Peptoniphilus sp. BV3C26	0.999375585328	Vaginal_introitus	#ff0000
714	Pseudomonas fluorescens	Peptostreptococcus anaerobius	0.965825980328	Mixed	#cccccc
715	Pseudomonas fluorescens	Porphyromonas uenonis	0.999375585328	Mixed	#cccccc
716	Pseudomonas fluorescens	Prevotella bivia	0.98749798571	Mixed	#cccccc
717	Pseudomonas fluorescens	Prevotella disiens	0.980065206575	Mixed	#cccccc
718	Pseudomonas fluorescens	Prevotella sp. S7-1-8	0.9809057003	Mixed	#cccccc
719	Pseudomonas fluorescens	Prevotella timonensis	0.998213499532	Mixed	#cccccc
720	Pseudomonas frederiksbergensis	Actinobaculum sp. oral taxon 183	0.997755748059	Mixed	#cccccc
721	Pseudomonas frederiksbergensis	Actinomyces naeslundii	0.971285862357	Mixed	#cccccc
722	Pseudomonas frederiksbergensis	Anaerococcus hydrogenalis	0.971285862357	Mixed	#cccccc
723	Pseudomonas frederiksbergensis	Campylobacter ureolyticus	0.971285862357	Mixed	#cccccc
724	Pseudomonas frederiksbergensis	Comamonas testosteroni	0.971285862357	Mixed	#cccccc
725	Pseudomonas frederiksbergensis	Corynebacterium aurimucosum	0.952562671547	Mixed	#cccccc
726	Pseudomonas frederiksbergensis	Corynebacterium matruchotii	0.953783782648	Mixed	#cccccc
727	Pseudomonas frederiksbergensis	Cupriavidus basilensis	0.971285862357	Mixed	#cccccc
728	Pseudomonas frederiksbergensis	Dialister micraerophilus	0.956506348162	Mixed	#cccccc
729	Pseudomonas frederiksbergensis	Finegoldia magna	0.96420494075	Mixed	#cccccc
730	Pseudomonas frederiksbergensis	Herbaspirillum chlorophenolicum	0.971285862357	Vaginal_introitus	#ff0000
731	Pseudomonas frederiksbergensis	Lactobacillus iners	0.947028184897	Mixed	#cccccc
732	Pseudomonas frederiksbergensis	Lactobacillus vaginalis	0.976071278319	Mixed	#cccccc
733	Pseudomonas frederiksbergensis	Lactococcus lactis	0.971285862357	Mixed	#cccccc
734	Pseudomonas frederiksbergensis	Mobiluncus curtisii	0.993004624282	Mixed	#cccccc
735	Pseudomonas frederiksbergensis	Mycobacterium abscessus	0.986611231401	Vaginal_introitus	#ff0000
736	Pseudomonas frederiksbergensis	Mycobacterium chelonae	0.940849094708	Mixed	#cccccc
737	Pseudomonas frederiksbergensis	Peptoniphilus grossensis	0.971285862357	Mixed	#cccccc
738	Pseudomonas frederiksbergensis	Peptoniphilus harei	0.983442966117	Mixed	#cccccc
739	Pseudomonas frederiksbergensis	Peptoniphilus sp. BV3C26	0.971285862357	Vaginal_introitus	#ff0000
740	Pseudomonas frederiksbergensis	Prevotella bivia	0.93033496983	Mixed	#cccccc
741	Pseudomonas frederiksbergensis	Prevotella disiens	0.978647175136	Mixed	#cccccc
742	Pseudomonas frederiksbergensis	Prevotella sp. S7-1-8	0.915748426301	Mixed	#cccccc
743	Pseudomonas frederiksbergensis	Prevotella timonensis	0.975789326501	Mixed	#cccccc
744	Pseudomonas frederiksbergensis	Pseudomonas fluorescens	0.9755327741	Vaginal_introitus	#ff0000
745	Pseudomonas libanensis	Actinomyces sp. oral taxon 448	1.0	Mixed	#cccccc
746	Pseudomonas libanensis	Anaerococcus prevotii	0.943879807449	Mixed	#cccccc
747	Pseudomonas libanensis	Anaerococcus senegalensis	1.0	Mixed	#cccccc
748	Pseudomonas libanensis	Bacteroides dorei	1.0	Mixed	#cccccc
749	Pseudomonas libanensis	Lactobacillus reuteri	1.0	Mixed	#cccccc
750	Pseudomonas mandelii	Actinobaculum sp. oral taxon 183	0.985036562622	Mixed	#cccccc
751	Pseudomonas mandelii	Actinomyces massiliensis	0.925820099773	Mixed	#cccccc
752	Pseudomonas mandelii	Actinomyces naeslundii	1.0	Mixed	#cccccc
753	Pseudomonas mandelii	Anaerococcus hydrogenalis	1.0	Mixed	#cccccc
754	Pseudomonas mandelii	Campylobacter ureolyticus	1.0	Mixed	#cccccc
755	Pseudomonas mandelii	Comamonas testosteroni	1.0	Mixed	#cccccc
756	Pseudomonas mandelii	Corynebacterium matruchotii	0.981980506062	Mixed	#cccccc
757	Pseudomonas mandelii	Corynebacterium pyruviciproducens	0.979795897113	Mixed	#cccccc
758	Pseudomonas mandelii	Cupriavidus basilensis	1.0	Mixed	#cccccc
759	Pseudomonas mandelii	Dialister micraerophilus	0.984783558818	Mixed	#cccccc
760	Pseudomonas mandelii	Finegoldia magna	0.999493638482	Mixed	#cccccc
761	Pseudomonas mandelii	Herbaspirillum chlorophenolicum	1.0	Vaginal_introitus	#ff0000
762	Pseudomonas mandelii	Lactobacillus iners	0.975025192479	Mixed	#cccccc
763	Pseudomonas mandelii	Lactobacillus vaginalis	0.993883734674	Mixed	#cccccc
764	Pseudomonas mandelii	Lactococcus lactis	1.0	Mixed	#cccccc
765	Pseudomonas mandelii	Levyella massiliensis	0.925820099773	Mixed	#cccccc
766	Pseudomonas mandelii	Mobiluncus curtisii	0.992583333971	Mixed	#cccccc
767	Pseudomonas mandelii	Mycobacterium abscessus	0.99708312456	Vaginal_introitus	#ff0000
768	Pseudomonas mandelii	Mycobacterium chelonae	0.994445346141	Mixed	#cccccc
769	Pseudomonas mandelii	Nocardia otitidiscaviarum	0.971285862357	Mixed	#cccccc
770	Pseudomonas mandelii	Peptoniphilus grossensis	1.0	Mixed	#cccccc
771	Pseudomonas mandelii	Peptoniphilus harei	0.997366631506	Mixed	#cccccc
772	Pseudomonas mandelii	Peptoniphilus sp. BV3C26	1.0	Vaginal_introitus	#ff0000
773	Pseudomonas mandelii	Peptostreptococcus anaerobius	0.971285862357	Mixed	#cccccc
774	Pseudomonas mandelii	Porphyromonas uenonis	1.0	Mixed	#cccccc
775	Pseudomonas mandelii	Prevotella bivia	0.990867388614	Mixed	#cccccc
776	Pseudomonas mandelii	Prevotella buccalis	0.925820099773	Mixed	#cccccc
777	Pseudomonas mandelii	Prevotella disiens	0.978231976089	Mixed	#cccccc
778	Pseudomonas mandelii	Prevotella sp. S7-1-8	0.985036562622	Mixed	#cccccc
779	Pseudomonas mandelii	Prevotella timonensis	0.999283296742	Mixed	#cccccc
780	Pseudomonas mandelii	Propionibacterium humerusii	0.942809041582	Mixed	#cccccc
781	Pseudomonas mandelii	Pseudomonas aeruginosa	0.925820099773	Mixed	#cccccc
782	Pseudomonas mandelii	Pseudomonas fluorescens	0.999375585328	Vaginal_introitus	#ff0000
783	Pseudomonas mandelii	Pseudomonas frederiksbergensis	0.971285862357	Vaginal_introitus	#ff0000
784	Pseudomonas orientalis	Actinobaculum sp. oral taxon 183	0.985036562622	Mixed	#cccccc
785	Pseudomonas orientalis	Actinomyces naeslundii	1.0	Mixed	#cccccc
786	Pseudomonas orientalis	Anaerococcus hydrogenalis	1.0	Mixed	#cccccc
787	Pseudomonas orientalis	Campylobacter ureolyticus	1.0	Mixed	#cccccc
788	Pseudomonas orientalis	Comamonas testosteroni	1.0	Mixed	#cccccc
789	Pseudomonas orientalis	Corynebacterium matruchotii	0.981980506062	Mixed	#cccccc
790	Pseudomonas orientalis	Corynebacterium pyruviciproducens	0.979795897113	Mixed	#cccccc
791	Pseudomonas orientalis	Cupriavidus basilensis	1.0	Mixed	#cccccc
792	Pseudomonas orientalis	Dialister micraerophilus	0.984783558818	Mixed	#cccccc
793	Pseudomonas orientalis	Finegoldia magna	0.999493638482	Mixed	#cccccc
794	Pseudomonas orientalis	Herbaspirillum chlorophenolicum	1.0	Vaginal_introitus	#ff0000
795	Pseudomonas orientalis	Lactobacillus iners	0.975025192479	Mixed	#cccccc
796	Pseudomonas orientalis	Lactobacillus vaginalis	0.993883734674	Mixed	#cccccc
797	Pseudomonas orientalis	Lactococcus lactis	1.0	Mixed	#cccccc
798	Pseudomonas orientalis	Mobiluncus curtisii	0.992583333971	Mixed	#cccccc
799	Pseudomonas orientalis	Mycobacterium abscessus	0.99708312456	Vaginal_introitus	#ff0000
800	Pseudomonas orientalis	Mycobacterium chelonae	0.994445346141	Mixed	#cccccc
801	Pseudomonas orientalis	Nocardia otitidiscaviarum	0.971285862357	Mixed	#cccccc
802	Pseudomonas orientalis	Peptoniphilus grossensis	1.0	Mixed	#cccccc
803	Pseudomonas orientalis	Peptoniphilus harei	0.997366631506	Mixed	#cccccc
804	Pseudomonas orientalis	Peptoniphilus sp. BV3AC2	0.919145030018	Mixed	#cccccc
805	Pseudomonas orientalis	Peptoniphilus sp. BV3C26	1.0	Vaginal_introitus	#ff0000
806	Pseudomonas orientalis	Peptostreptococcus anaerobius	0.971285862357	Mixed	#cccccc
807	Pseudomonas orientalis	Porphyromonas uenonis	1.0	Mixed	#cccccc
808	Pseudomonas orientalis	Prevotella bivia	0.990867388614	Mixed	#cccccc
809	Pseudomonas orientalis	Prevotella buccalis	0.925820099773	Mixed	#cccccc
810	Pseudomonas orientalis	Prevotella disiens	0.978231976089	Mixed	#cccccc
811	Pseudomonas orientalis	Prevotella sp. S7-1-8	0.985036562622	Mixed	#cccccc
812	Pseudomonas orientalis	Prevotella timonensis	0.999283296742	Mixed	#cccccc
813	Pseudomonas orientalis	Propionibacterium humerusii	0.942809041582	Mixed	#cccccc
814	Pseudomonas orientalis	Pseudomonas aeruginosa	0.925820099773	Mixed	#cccccc
815	Pseudomonas orientalis	Pseudomonas fluorescens	0.999375585328	Vaginal_introitus	#ff0000
816	Pseudomonas orientalis	Pseudomonas frederiksbergensis	0.971285862357	Vaginal_introitus	#ff0000
817	Pseudomonas orientalis	Pseudomonas mandelii	1.0	Vaginal_introitus	#ff0000
818	Pseudomonas putida	Anaerococcus prevotii	0.943879807449	Mixed	#cccccc
819	Pseudomonas putida	Bacteroides sp. 2_2_4	1.0	Mixed	#cccccc
820	Pseudomonas putida	Lactobacillus oris	1.0	Mixed	#cccccc
821	Pseudomonas putida	Pseudomonas aeruginosa	0.878310065654	Anterior_nares	#8000ff
822	Pseudomonas sp. Ag1	Actinomyces massiliensis	0.989159571395	Mixed	#cccccc
823	Pseudomonas sp. Ag1	Actinomyces naeslundii	0.971285862357	Mixed	#cccccc
824	Pseudomonas sp. Ag1	Anaerococcus hydrogenalis	0.971285862357	Mixed	#cccccc
825	Pseudomonas sp. Ag1	Anaerococcus prevotii	0.952562671547	Mixed	#cccccc
826	Pseudomonas sp. Ag1	Campylobacter ureolyticus	0.971285862357	Mixed	#cccccc
827	Pseudomonas sp. Ag1	Comamonas testosteroni	0.971285862357	Mixed	#cccccc
828	Pseudomonas sp. Ag1	Corynebacterium matruchotii	0.953783782648	Mixed	#cccccc
829	Pseudomonas sp. Ag1	Corynebacterium pyruviciproducens	0.999244998005	Mixed	#cccccc
830	Pseudomonas sp. Ag1	Cupriavidus basilensis	0.971285862357	Mixed	#cccccc
831	Pseudomonas sp. Ag1	Dialister micraerophilus	0.956506348162	Mixed	#cccccc
832	Pseudomonas sp. Ag1	Finegoldia magna	0.977383140396	Mixed	#cccccc
833	Pseudomonas sp. Ag1	Herbaspirillum chlorophenolicum	0.971285862357	Vaginal_introitus	#ff0000
834	Pseudomonas sp. Ag1	Lactobacillus iners	0.947028184897	Mixed	#cccccc
835	Pseudomonas sp. Ag1	Lactobacillus vaginalis	0.954619162312	Mixed	#cccccc
836	Pseudomonas sp. Ag1	Lactococcus lactis	0.971285862357	Mixed	#cccccc
837	Pseudomonas sp. Ag1	Levyella massiliensis	0.989159571395	Mixed	#cccccc
838	Pseudomonas sp. Ag1	Mobiluncus curtisii	0.935159694712	Mixed	#cccccc
839	Pseudomonas sp. Ag1	Mycobacterium abscessus	0.950294253558	Vaginal_introitus	#ff0000
840	Pseudomonas sp. Ag1	Mycobacterium chelonae	0.99093231648	Mixed	#cccccc
841	Pseudomonas sp. Ag1	Nocardia otitidiscaviarum	1.0	Mixed	#cccccc
842	Pseudomonas sp. Ag1	Peptoniphilus grossensis	0.971285862357	Mixed	#cccccc
843	Pseudomonas sp. Ag1	Peptoniphilus harei	0.95401325142	Mixed	#cccccc
844	Pseudomonas sp. Ag1	Peptoniphilus sp. BV3C26	0.971285862357	Vaginal_introitus	#ff0000
845	Pseudomonas sp. Ag1	Peptostreptococcus anaerobius	1.0	Mixed	#cccccc
846	Pseudomonas sp. Ag1	Porphyromonas uenonis	0.971285862357	Mixed	#cccccc
847	Pseudomonas sp. Ag1	Prevotella bivia	0.994496002232	Mixed	#cccccc
848	Pseudomonas sp. Ag1	Prevotella buccalis	0.989159571395	Mixed	#cccccc
849	Pseudomonas sp. Ag1	Prevotella sp. S7-1-8	0.997755748059	Mixed	#cccccc
850	Pseudomonas sp. Ag1	Prevotella timonensis	0.96539015073	Mixed	#cccccc
851	Pseudomonas sp. Ag1	Propionibacterium humerusii	0.961523947641	Mixed	#cccccc
852	Pseudomonas sp. Ag1	Pseudomonas aeruginosa	0.989159571395	Mixed	#cccccc
853	Pseudomonas sp. Ag1	Pseudomonas fluorescens	0.965825980328	Vaginal_introitus	#ff0000
854	Pseudomonas sp. Ag1	Pseudomonas mandelii	0.971285862357	Vaginal_introitus	#ff0000
855	Pseudomonas sp. Ag1	Pseudomonas orientalis	0.971285862357	Vaginal_introitus	#ff0000
856	Pseudomonas sp. DSM 28142	Actinobaculum sp. oral taxon 183	0.985036562622	Mixed	#cccccc
857	Pseudomonas sp. DSM 28142	Anaerococcus hydrogenalis	1.0	Mixed	#cccccc
858	Pseudomonas sp. DSM 28142	Campylobacter ureolyticus	1.0	Mixed	#cccccc
859	Pseudomonas sp. DSM 28142	Comamonas testosteroni	1.0	Mixed	#cccccc
860	Pseudomonas sp. DSM 28142	Corynebacterium matruchotii	0.981980506062	Mixed	#cccccc
861	Pseudomonas sp. DSM 28142	Corynebacterium pyruviciproducens	0.979795897113	Mixed	#cccccc
862	Pseudomonas sp. DSM 28142	Cupriavidus basilensis	1.0	Mixed	#cccccc
863	Pseudomonas sp. DSM 28142	Dialister micraerophilus	0.984783558818	Mixed	#cccccc
864	Pseudomonas sp. DSM 28142	Finegoldia magna	0.999493638482	Mixed	#cccccc
865	Pseudomonas sp. DSM 28142	Herbaspirillum chlorophenolicum	1.0	Vaginal_introitus	#ff0000
866	Pseudomonas sp. DSM 28142	Lactobacillus iners	0.975025192479	Mixed	#cccccc
867	Pseudomonas sp. DSM 28142	Lactobacillus vaginalis	0.993883734674	Mixed	#cccccc
868	Pseudomonas sp. DSM 28142	Lactococcus lactis	1.0	Mixed	#cccccc
869	Pseudomonas sp. DSM 28142	Levyella massiliensis	0.925820099773	Mixed	#cccccc
870	Pseudomonas sp. DSM 28142	Mobiluncus curtisii	0.992583333971	Mixed	#cccccc
871	Pseudomonas sp. DSM 28142	Mycobacterium abscessus	0.99708312456	Vaginal_introitus	#ff0000
872	Pseudomonas sp. DSM 28142	Mycobacterium chelonae	0.994445346141	Mixed	#cccccc
873	Pseudomonas sp. DSM 28142	Nocardia otitidiscaviarum	0.971285862357	Mixed	#cccccc
874	Pseudomonas sp. DSM 28142	Peptoniphilus grossensis	1.0	Mixed	#cccccc
875	Pseudomonas sp. DSM 28142	Peptoniphilus harei	0.997366631506	Mixed	#cccccc
876	Pseudomonas sp. DSM 28142	Peptoniphilus sp. BV3C26	1.0	Vaginal_introitus	#ff0000
877	Pseudomonas sp. DSM 28142	Peptostreptococcus anaerobius	0.971285862357	Mixed	#cccccc
878	Pseudomonas sp. DSM 28142	Porphyromonas uenonis	1.0	Mixed	#cccccc
879	Pseudomonas sp. DSM 28142	Prevotella bivia	0.990867388614	Mixed	#cccccc
880	Pseudomonas sp. DSM 28142	Prevotella disiens	0.978231976089	Mixed	#cccccc
881	Pseudomonas sp. DSM 28142	Prevotella sp. S7-1-8	0.985036562622	Mixed	#cccccc
882	Pseudomonas sp. DSM 28142	Prevotella timonensis	0.999283296742	Mixed	#cccccc
883	Pseudomonas sp. DSM 28142	Propionibacterium humerusii	0.942809041582	Mixed	#cccccc
884	Pseudomonas sp. DSM 28142	Pseudomonas fluorescens	0.999375585328	Vaginal_introitus	#ff0000
885	Pseudomonas sp. DSM 28142	Pseudomonas frederiksbergensis	0.971285862357	Vaginal_introitus	#ff0000
886	Pseudomonas sp. DSM 28142	Pseudomonas mandelii	1.0	Vaginal_introitus	#ff0000
887	Pseudomonas sp. DSM 28142	Pseudomonas orientalis	1.0	Vaginal_introitus	#ff0000
888	Pseudomonas sp. DSM 28142	Pseudomonas sp. Ag1	0.971285862357	Vaginal_introitus	#ff0000
889	Pseudomonas sp. DSM 29164	Actinobaculum massiliense	1.0	Vaginal_introitus	#ff0000
890	Pseudomonas sp. DSM 29164	Anaerococcus prevotii	0.943879807449	Mixed	#cccccc
891	Pseudomonas sp. DSM 29164	Arcanobacterium haemolyticum	1.0	Mixed	#cccccc
892	Pseudomonas sp. DSM 29164	Bacteroides dorei	1.0	Mixed	#cccccc
893	Pseudomonas sp. DSM 29164	Bacteroides gallinarum	1.0	Mixed	#cccccc
894	Pseudomonas sp. DSM 29164	[Eubacterium] rectale	1.0	Mixed	#cccccc
895	Pseudomonas sp. DSM 29164	Lachnospiraceae bacterium TF01-11	1.0	Mixed	#cccccc
896	Pseudomonas sp. DSM 29164	Levyella massiliensis	0.878310065654	Mixed	#cccccc
897	Pseudomonas sp. DSM 29164	Pseudomonas aeruginosa	0.878310065654	Mixed	#cccccc
898	Pseudomonas sp. DSM 29167	Actinobaculum sp. oral taxon 183	0.997755748059	Mixed	#cccccc
899	Pseudomonas sp. DSM 29167	Actinomyces naeslundii	0.971285862357	Mixed	#cccccc
900	Pseudomonas sp. DSM 29167	Anaerococcus hydrogenalis	0.971285862357	Mixed	#cccccc
901	Pseudomonas sp. DSM 29167	Campylobacter ureolyticus	0.971285862357	Mixed	#cccccc
902	Pseudomonas sp. DSM 29167	Comamonas testosteroni	0.971285862357	Mid_vagina	#52f5cb
903	Pseudomonas sp. DSM 29167	Corynebacterium aurimucosum	0.952562671547	Mixed	#cccccc
904	Pseudomonas sp. DSM 29167	Corynebacterium matruchotii	0.953783782648	Mixed	#cccccc
905	Pseudomonas sp. DSM 29167	Cupriavidus basilensis	0.971285862357	Mid_vagina	#52f5cb
906	Pseudomonas sp. DSM 29167	Finegoldia magna	0.96420494075	Mixed	#cccccc
907	Pseudomonas sp. DSM 29167	Herbaspirillum chlorophenolicum	0.971285862357	Mixed	#cccccc
908	Pseudomonas sp. DSM 29167	Lactobacillus iners	0.947028184897	Mixed	#cccccc
909	Pseudomonas sp. DSM 29167	Lactobacillus vaginalis	0.976071278319	Mixed	#cccccc
910	Pseudomonas sp. DSM 29167	Lactococcus lactis	0.971285862357	Mixed	#cccccc
911	Pseudomonas sp. DSM 29167	Mobiluncus curtisii	0.993004624282	Mixed	#cccccc
912	Pseudomonas sp. DSM 29167	Mycobacterium abscessus	0.986611231401	Mixed	#cccccc
913	Pseudomonas sp. DSM 29167	Mycobacterium chelonae	0.940849094708	Mid_vagina	#52f5cb
914	Pseudomonas sp. DSM 29167	Peptoniphilus grossensis	0.971285862357	Mixed	#cccccc
915	Pseudomonas sp. DSM 29167	Peptoniphilus harei	0.983442966117	Mixed	#cccccc
916	Pseudomonas sp. DSM 29167	Peptoniphilus sp. BV3AC2	0.892752573112	Mixed	#cccccc
917	Pseudomonas sp. DSM 29167	Peptoniphilus sp. BV3C26	0.971285862357	Mixed	#cccccc
918	Pseudomonas sp. DSM 29167	Porphyromonas uenonis	0.971285862357	Mixed	#cccccc
919	Pseudomonas sp. DSM 29167	Prevotella bivia	0.93033496983	Mixed	#cccccc
920	Pseudomonas sp. DSM 29167	Prevotella disiens	0.978647175136	Mixed	#cccccc
921	Pseudomonas sp. DSM 29167	Prevotella sp. S7-1-8	0.915748426301	Mixed	#cccccc
922	Pseudomonas sp. DSM 29167	Prevotella timonensis	0.975789326501	Mixed	#cccccc
923	Pseudomonas sp. DSM 29167	Pseudomonas fluorescens	0.9755327741	Mixed	#cccccc
924	Pseudomonas sp. DSM 29167	Pseudomonas frederiksbergensis	1.0	Mixed	#cccccc
925	Pseudomonas sp. DSM 29167	Pseudomonas mandelii	0.971285862357	Mixed	#cccccc
926	Pseudomonas sp. DSM 29167	Pseudomonas orientalis	0.971285862357	Mixed	#cccccc
927	Pseudomonas sp. DSM 29167	Pseudomonas sp. DSM 28142	0.971285862357	Mixed	#cccccc
928	Pseudomonas sp. ES3-33	Actinomyces sp. oral taxon 448	1.0	Mixed	#cccccc
929	Pseudomonas sp. ES3-33	Anaerococcus prevotii	0.943879807449	Mixed	#cccccc
930	Pseudomonas sp. ES3-33	Burkholderiales bacterium 1_1_47	1.0	Mixed	#cccccc
931	Pseudomonas sp. ES3-33	Campylobacter hominis	1.0	Mixed	#cccccc
932	Pseudomonas sp. Eur1 9.41	Actinobaculum sp. oral taxon 183	0.961719618923	Mixed	#cccccc
933	Pseudomonas sp. Eur1 9.41	Actinomyces massiliensis	0.959021028647	Mixed	#cccccc
934	Pseudomonas sp. Eur1 9.41	Actinomyces naeslundii	0.994188528768	Mixed	#cccccc
935	Pseudomonas sp. Eur1 9.41	Anaerococcus hydrogenalis	0.994188528768	Mixed	#cccccc
936	Pseudomonas sp. Eur1 9.41	Campylobacter ureolyticus	0.994188528768	Mixed	#cccccc
937	Pseudomonas sp. Eur1 9.41	Comamonas testosteroni	0.994188528768	Mixed	#cccccc
938	Pseudomonas sp. Eur1 9.41	Corynebacterium matruchotii	0.982119705227	Mixed	#cccccc
939	Pseudomonas sp. Eur1 9.41	Corynebacterium pyruviciproducens	0.994517149498	Mixed	#cccccc
940	Pseudomonas sp. Eur1 9.41	Cupriavidus basilensis	0.994188528768	Mixed	#cccccc
941	Pseudomonas sp. Eur1 9.41	Dialister micraerophilus	0.982164266935	Mixed	#cccccc
942	Pseudomonas sp. Eur1 9.41	Finegoldia magna	0.996027500411	Mixed	#cccccc
943	Pseudomonas sp. Eur1 9.41	Herbaspirillum chlorophenolicum	0.994188528768	Vaginal_introitus	#ff0000
944	Pseudomonas sp. Eur1 9.41	Lactobacillus iners	0.962489816378	Mixed	#cccccc
945	Pseudomonas sp. Eur1 9.41	Lactobacillus vaginalis	0.980218723647	Mixed	#cccccc
946	Pseudomonas sp. Eur1 9.41	Lactococcus lactis	0.994188528768	Mixed	#cccccc
947	Pseudomonas sp. Eur1 9.41	Levyella massiliensis	0.959021028647	Mixed	#cccccc
948	Pseudomonas sp. Eur1 9.41	Mobiluncus curtisii	0.974405914029	Mixed	#cccccc
949	Pseudomonas sp. Eur1 9.41	Mycobacterium abscessus	0.983497788536	Vaginal_introitus	#ff0000
950	Pseudomonas sp. Eur1 9.41	Mycobacterium chelonae	0.999410143561	Mixed	#cccccc
951	Pseudomonas sp. Eur1 9.41	Nocardia otitidiscaviarum	0.989926851148	Mixed	#cccccc
952	Pseudomonas sp. Eur1 9.41	Peptoniphilus grossensis	0.994188528768	Mixed	#cccccc
953	Pseudomonas sp. Eur1 9.41	Peptoniphilus harei	0.984580692689	Mixed	#cccccc
954	Pseudomonas sp. Eur1 9.41	Peptoniphilus sp. BV3C26	0.994188528768	Vaginal_introitus	#ff0000
955	Pseudomonas sp. Eur1 9.41	Peptostreptococcus anaerobius	0.989926851148	Mixed	#cccccc
956	Pseudomonas sp. Eur1 9.41	Porphyromonas uenonis	0.994188528768	Mixed	#cccccc
957	Pseudomonas sp. Eur1 9.41	Prevotella bivia	0.998872989173	Mixed	#cccccc
958	Pseudomonas sp. Eur1 9.41	Prevotella buccalis	0.959021028647	Mixed	#cccccc
959	Pseudomonas sp. Eur1 9.41	Prevotella disiens	0.958570285618	Mixed	#cccccc
960	Pseudomonas sp. Eur1 9.41	Prevotella sp. S7-1-8	0.99690448303	Mixed	#cccccc
961	Pseudomonas sp. Eur1 9.41	Prevotella timonensis	0.990289048811	Mixed	#cccccc
962	Pseudomonas sp. Eur1 9.41	Propionibacterium humerusii	0.948555442151	Mixed	#cccccc
963	Pseudomonas sp. Eur1 9.41	Pseudomonas aeruginosa	0.959021028647	Mixed	#cccccc
964	Pseudomonas sp. Eur1 9.41	Pseudomonas fluorescens	0.992377841375	Vaginal_introitus	#ff0000
965	Pseudomonas sp. Eur1 9.41	Pseudomonas mandelii	0.994188528768	Vaginal_introitus	#ff0000
966	Pseudomonas sp. Eur1 9.41	Pseudomonas orientalis	0.994188528768	Vaginal_introitus	#ff0000
967	Pseudomonas sp. Eur1 9.41	Pseudomonas sp. Ag1	0.989926851148	Vaginal_introitus	#ff0000
968	Pseudomonas sp. Eur1 9.41	Pseudomonas sp. DSM 28142	0.994188528768	Vaginal_introitus	#ff0000
969	Pseudomonas sp. Eur1 9.41	Pseudomonas sp. DSM 29167	0.941355673872	Mixed	#cccccc
970	Pseudomonas sp. FH1	Actinobaculum sp. oral taxon 183	0.998058329142	Mixed	#cccccc
971	Pseudomonas sp. FH1	Actinomyces naeslundii	0.993858693196	Mixed	#cccccc
972	Pseudomonas sp. FH1	Anaerococcus hydrogenalis	0.993858693196	Mixed	#cccccc
973	Pseudomonas sp. FH1	Campylobacter ureolyticus	0.993858693196	Mixed	#cccccc
974	Pseudomonas sp. FH1	Comamonas testosteroni	0.993858693196	Mixed	#cccccc
975	Pseudomonas sp. FH1	Corynebacterium matruchotii	0.975949862498	Mixed	#cccccc
976	Pseudomonas sp. FH1	Corynebacterium pyruviciproducens	0.951647336497	Mixed	#cccccc
977	Pseudomonas sp. FH1	Cupriavidus basilensis	0.993858693196	Mixed	#cccccc
978	Pseudomonas sp. FH1	Dialister micraerophilus	0.978735700847	Mixed	#cccccc
979	Pseudomonas sp. FH1	Finegoldia magna	0.990290790716	Mixed	#cccccc
980	Pseudomonas sp. FH1	Herbaspirillum chlorophenolicum	0.993858693196	Vaginal_introitus	#ff0000
981	Pseudomonas sp. FH1	Lactobacillus iners	0.969037263631	Mixed	#cccccc
982	Pseudomonas sp. FH1	Lactobacillus vaginalis	0.992768777558	Mixed	#cccccc
983	Pseudomonas sp. FH1	Lactococcus lactis	0.993858693196	Mixed	#cccccc
984	Pseudomonas sp. FH1	Levyella massiliensis	0.878310065654	Mixed	#cccccc
985	Pseudomonas sp. FH1	Mobiluncus curtisii	0.999939678486	Mixed	#cccccc
986	Pseudomonas sp. FH1	Mycobacterium abscessus	0.999405410709	Vaginal_introitus	#ff0000
987	Pseudomonas sp. FH1	Mycobacterium chelonae	0.976691069569	Mixed	#cccccc
988	Pseudomonas sp. FH1	Nocardia otitidiscaviarum	0.938993964303	Mixed	#cccccc
989	Pseudomonas sp. FH1	Peptoniphilus grossensis	0.993858693196	Mixed	#cccccc
990	Pseudomonas sp. FH1	Peptoniphilus harei	0.998085511965	Mixed	#cccccc
991	Pseudomonas sp. FH1	Peptoniphilus sp. BV3C26	0.993858693196	Vaginal_introitus	#ff0000
992	Pseudomonas sp. FH1	Peptostreptococcus anaerobius	0.938993964303	Mixed	#cccccc
993	Pseudomonas sp. FH1	Porphyromonas uenonis	0.993858693196	Mixed	#cccccc
994	Pseudomonas sp. FH1	Prevotella bivia	0.969861226039	Mixed	#cccccc
995	Pseudomonas sp. FH1	Prevotella buccalis	0.878310065654	Mixed	#cccccc
996	Pseudomonas sp. FH1	Prevotella disiens	0.985481958217	Mixed	#cccccc
997	Pseudomonas sp. FH1	Prevotella sp. S7-1-8	0.959915972614	Mixed	#cccccc
998	Pseudomonas sp. FH1	Prevotella timonensis	0.995564767386	Mixed	#cccccc
999	Pseudomonas sp. FH1	Pseudomonas fluorescens	0.995495472594	Vaginal_introitus	#ff0000
1000	Pseudomonas sp. FH1	Pseudomonas frederiksbergensis	0.991647831461	Vaginal_introitus	#ff0000
1001	Pseudomonas sp. FH1	Pseudomonas mandelii	0.993858693196	Vaginal_introitus	#ff0000
1002	Pseudomonas sp. FH1	Pseudomonas orientalis	0.993858693196	Vaginal_introitus	#ff0000
1003	Pseudomonas sp. FH1	Pseudomonas sp. Ag1	0.938993964303	Vaginal_introitus	#ff0000
1004	Pseudomonas sp. FH1	Pseudomonas sp. DSM 28142	0.993858693196	Vaginal_introitus	#ff0000
1005	Pseudomonas sp. FH1	Pseudomonas sp. DSM 29167	0.991647831461	Mixed	#cccccc
1006	Pseudomonas sp. FH1	Pseudomonas sp. Eur1 9.41	0.976787462263	Vaginal_introitus	#ff0000
1007	Pseudomonas sp. NBRC 111132	Actinobaculum sp. oral taxon 183	0.986368723277	Mixed	#cccccc
1008	Pseudomonas sp. NBRC 111132	Actinomyces naeslundii	0.99948999345	Mixed	#cccccc
1009	Pseudomonas sp. NBRC 111132	Anaerococcus hydrogenalis	0.99948999345	Mixed	#cccccc
1010	Pseudomonas sp. NBRC 111132	Campylobacter ureolyticus	0.99948999345	Mixed	#cccccc
1011	Pseudomonas sp. NBRC 111132	Comamonas testosteroni	0.99948999345	Mixed	#cccccc
1012	Pseudomonas sp. NBRC 111132	Corynebacterium matruchotii	0.987169426903	Mixed	#cccccc
1013	Pseudomonas sp. NBRC 111132	Corynebacterium pyruviciproducens	0.977167290017	Mixed	#cccccc
1014	Pseudomonas sp. NBRC 111132	Cupriavidus basilensis	0.99948999345	Mixed	#cccccc
1015	Pseudomonas sp. NBRC 111132	Dialister micraerophilus	0.987302124966	Mixed	#cccccc
1016	Pseudomonas sp. NBRC 111132	Finegoldia magna	0.998217406376	Mixed	#cccccc
1017	Pseudomonas sp. NBRC 111132	Herbaspirillum chlorophenolicum	0.99948999345	Vaginal_introitus	#ff0000
1018	Pseudomonas sp. NBRC 111132	Lactobacillus iners	0.967842430045	Mixed	#cccccc
1019	Pseudomonas sp. NBRC 111132	Lactobacillus vaginalis	0.990977386475	Mixed	#cccccc
1020	Pseudomonas sp. NBRC 111132	Lactococcus lactis	0.99948999345	Mixed	#cccccc
1021	Pseudomonas sp. NBRC 111132	Levyella massiliensis	0.921324673608	Mixed	#cccccc
1022	Pseudomonas sp. NBRC 111132	Mobiluncus curtisii	0.993371123591	Mixed	#cccccc
1023	Pseudomonas sp. NBRC 111132	Mycobacterium abscessus	0.997387030586	Vaginal_introitus	#ff0000
1024	Pseudomonas sp. NBRC 111132	Mycobacterium chelonae	0.992817791308	Mixed	#cccccc
1025	Pseudomonas sp. NBRC 111132	Nocardia otitidiscaviarum	0.968258003249	Mixed	#cccccc
1026	Pseudomonas sp. NBRC 111132	Peptoniphilus grossensis	0.99948999345	Mixed	#cccccc
1027	Pseudomonas sp. NBRC 111132	Peptoniphilus harei	0.996857967991	Mixed	#cccccc
1028	Pseudomonas sp. NBRC 111132	Peptoniphilus sp. BV3C26	0.99948999345	Vaginal_introitus	#ff0000
1029	Pseudomonas sp. NBRC 111132	Peptostreptococcus anaerobius	0.968258003249	Mixed	#cccccc
1030	Pseudomonas sp. NBRC 111132	Porphyromonas uenonis	0.99948999345	Mixed	#cccccc
1031	Pseudomonas sp. NBRC 111132	Prevotella bivia	0.988926732451	Mixed	#cccccc
1032	Pseudomonas sp. NBRC 111132	Prevotella disiens	0.97900837538	Mixed	#cccccc
1033	Pseudomonas sp. NBRC 111132	Prevotella sp. S7-1-8	0.98269965177	Mixed	#cccccc
1034	Pseudomonas sp. NBRC 111132	Prevotella timonensis	0.99807575487	Mixed	#cccccc
1035	Pseudomonas sp. NBRC 111132	Pseudomonas aeruginosa	0.921324673608	Mixed	#cccccc
1036	Pseudomonas sp. NBRC 111132	Pseudomonas fluorescens	0.999951621035	Vaginal_introitus	#ff0000
1037	Pseudomonas sp. NBRC 111132	Pseudomonas frederiksbergensis	0.973322997163	Vaginal_introitus	#ff0000
1038	Pseudomonas sp. NBRC 111132	Pseudomonas mandelii	0.99948999345	Vaginal_introitus	#ff0000
1039	Pseudomonas sp. NBRC 111132	Pseudomonas orientalis	0.99948999345	Vaginal_introitus	#ff0000
1040	Pseudomonas sp. NBRC 111132	Pseudomonas sp. Ag1	0.968258003249	Vaginal_introitus	#ff0000
1041	Pseudomonas sp. NBRC 111132	Pseudomonas sp. DSM 28142	0.99948999345	Vaginal_introitus	#ff0000
1042	Pseudomonas sp. NBRC 111132	Pseudomonas sp. DSM 29167	0.973322997163	Mixed	#cccccc
1043	Pseudomonas sp. NBRC 111132	Pseudomonas sp. Eur1 9.41	0.993526263797	Vaginal_introitus	#ff0000
1044	Pseudomonas sp. NBRC 111132	Pseudomonas sp. FH1	0.994529706285	Vaginal_introitus	#ff0000
1045	Pseudomonas sp. NBRC 111134	Actinobaculum sp. oral taxon 183	0.999279668554	Mixed	#cccccc
1046	Pseudomonas sp. NBRC 111134	Actinomyces naeslundii	0.990867388614	Mixed	#cccccc
1047	Pseudomonas sp. NBRC 111134	Anaerococcus hydrogenalis	0.990867388614	Mixed	#cccccc
1048	Pseudomonas sp. NBRC 111134	Campylobacter ureolyticus	0.990867388614	Mixed	#cccccc
1049	Pseudomonas sp. NBRC 111134	Comamonas testosteroni	0.990867388614	Mixed	#cccccc
1050	Pseudomonas sp. NBRC 111134	Corynebacterium matruchotii	0.973012459711	Mixed	#cccccc
1051	Pseudomonas sp. NBRC 111134	Corynebacterium pyruviciproducens	0.943879807449	Mixed	#cccccc
1052	Pseudomonas sp. NBRC 111134	Cupriavidus basilensis	0.990867388614	Mixed	#cccccc
1053	Pseudomonas sp. NBRC 111134	Dialister micraerophilus	0.975789913276	Mixed	#cccccc
1054	Pseudomonas sp. NBRC 111134	Finegoldia magna	0.986631241048	Mixed	#cccccc
1055	Pseudomonas sp. NBRC 111134	Herbaspirillum chlorophenolicum	0.990867388614	Vaginal_introitus	#ff0000
1056	Pseudomonas sp. NBRC 111134	Lactobacillus iners	0.966120666305	Mixed	#cccccc
1057	Pseudomonas sp. NBRC 111134	Lactobacillus vaginalis	0.990886036199	Mixed	#cccccc
1058	Pseudomonas sp. NBRC 111134	Lactococcus lactis	0.990867388614	Mixed	#cccccc
1059	Pseudomonas sp. NBRC 111134	Mobiluncus curtisii	0.999910430382	Mixed	#cccccc
1060	Pseudomonas sp. NBRC 111134	Mycobacterium abscessus	0.998268580528	Vaginal_introitus	#ff0000
1061	Pseudomonas sp. NBRC 111134	Mycobacterium chelonae	0.971170985384	Mixed	#cccccc
1062	Pseudomonas sp. NBRC 111134	Nocardia otitidiscaviarum	0.93033496983	Mixed	#cccccc
1063	Pseudomonas sp. NBRC 111134	Peptoniphilus grossensis	0.990867388614	Mixed	#cccccc
1064	Pseudomonas sp. NBRC 111134	Peptoniphilus harei	0.996597800196	Mixed	#cccccc
1065	Pseudomonas sp. NBRC 111134	Peptoniphilus sp. BV3C26	0.990867388614	Vaginal_introitus	#ff0000
1066	Pseudomonas sp. NBRC 111134	Peptostreptococcus anaerobius	0.93033496983	Mixed	#cccccc
1067	Pseudomonas sp. NBRC 111134	Porphyromonas uenonis	0.990867388614	Mixed	#cccccc
1068	Pseudomonas sp. NBRC 111134	Prevotella bivia	0.963636363636	Mixed	#cccccc
1069	Pseudomonas sp. NBRC 111134	Prevotella disiens	0.985453132999	Mixed	#cccccc
1070	Pseudomonas sp. NBRC 111134	Prevotella sp. S7-1-8	0.952801544435	Mixed	#cccccc
1071	Pseudomonas sp. NBRC 111134	Prevotella timonensis	0.993104127249	Mixed	#cccccc
1072	Pseudomonas sp. NBRC 111134	Propionibacterium humerusii	0.908248768188	Mixed	#cccccc
1073	Pseudomonas sp. NBRC 111134	Pseudomonas fluorescens	0.992999367246	Vaginal_introitus	#ff0000
1074	Pseudomonas sp. NBRC 111134	Pseudomonas frederiksbergensis	0.994496002232	Vaginal_introitus	#ff0000
1075	Pseudomonas sp. NBRC 111134	Pseudomonas mandelii	0.990867388614	Vaginal_introitus	#ff0000
1076	Pseudomonas sp. NBRC 111134	Pseudomonas orientalis	0.990867388614	Vaginal_introitus	#ff0000
1077	Pseudomonas sp. NBRC 111134	Pseudomonas sp. Ag1	0.93033496983	Vaginal_introitus	#ff0000
1078	Pseudomonas sp. NBRC 111134	Pseudomonas sp. DSM 28142	0.990867388614	Vaginal_introitus	#ff0000
1079	Pseudomonas sp. NBRC 111134	Pseudomonas sp. DSM 29167	0.994496002232	Mixed	#cccccc
1080	Pseudomonas sp. NBRC 111134	Pseudomonas sp. Eur1 9.41	0.971344993408	Vaginal_introitus	#ff0000
1081	Pseudomonas sp. NBRC 111134	Pseudomonas sp. FH1	0.999703109917	Vaginal_introitus	#ff0000
1082	Pseudomonas sp. NBRC 111134	Pseudomonas sp. NBRC 111132	0.991797347059	Vaginal_introitus	#ff0000
1083	Pseudomonas sp. Root9	Actinomyces massiliensis	0.99591000331	Mixed	#cccccc
1084	Pseudomonas sp. Root9	Actinomyces naeslundii	0.956182887468	Mixed	#cccccc
1085	Pseudomonas sp. Root9	Anaerococcus hydrogenalis	0.956182887468	Mixed	#cccccc
1086	Pseudomonas sp. Root9	Anaerococcus prevotii	0.968329663731	Mixed	#cccccc
1087	Pseudomonas sp. Root9	Bacteroides gallinarum	0.83152184062	Mixed	#cccccc
1088	Pseudomonas sp. Root9	Campylobacter ureolyticus	0.956182887468	Mixed	#cccccc
1089	Pseudomonas sp. Root9	Comamonas testosteroni	0.956182887468	Mixed	#cccccc
1090	Pseudomonas sp. Root9	Corynebacterium matruchotii	0.938952955723	Mixed	#cccccc
1091	Pseudomonas sp. Root9	Corynebacterium pyruviciproducens	0.995418074408	Mixed	#cccccc
1092	Pseudomonas sp. Root9	Cupriavidus basilensis	0.956182887468	Mixed	#cccccc
1093	Pseudomonas sp. Root9	Dialister micraerophilus	0.941633186801	Mixed	#cccccc
1094	Pseudomonas sp. Root9	Finegoldia magna	0.963807016811	Mixed	#cccccc
1095	Pseudomonas sp. Root9	Herbaspirillum chlorophenolicum	0.956182887468	Vaginal_introitus	#ff0000
1096	Pseudomonas sp. Root9	Lactobacillus iners	0.932302403899	Mixed	#cccccc
1097	Pseudomonas sp. Root9	Lactobacillus vaginalis	0.937135527294	Mixed	#cccccc
1098	Pseudomonas sp. Root9	Lactococcus lactis	0.956182887468	Mixed	#cccccc
1099	Pseudomonas sp. Root9	Levyella massiliensis	0.99591000331	Mixed	#cccccc
1100	Pseudomonas sp. Root9	Mycobacterium abscessus	0.931048653405	Vaginal_introitus	#ff0000
1101	Pseudomonas sp. Root9	Mycobacterium chelonae	0.981686906564	Mixed	#cccccc
1102	Pseudomonas sp. Root9	Nocardia otitidiscaviarum	0.998381439457	Mixed	#cccccc
1103	Pseudomonas sp. Root9	Peptoniphilus grossensis	0.956182887468	Mixed	#cccccc
1104	Pseudomonas sp. Root9	Peptoniphilus harei	0.935557344079	Mixed	#cccccc
1105	Pseudomonas sp. Root9	Peptoniphilus sp. BV3C26	0.956182887468	Vaginal_introitus	#ff0000
1106	Pseudomonas sp. Root9	Peptostreptococcus anaerobius	0.998381439457	Mixed	#cccccc
1107	Pseudomonas sp. Root9	Porphyromonas uenonis	0.956182887468	Mixed	#cccccc
1108	Pseudomonas sp. Root9	Prevotella bivia	0.98692754244	Mixed	#cccccc
1109	Pseudomonas sp. Root9	Prevotella buccalis	0.99591000331	Mixed	#cccccc
1110	Pseudomonas sp. Root9	Prevotella timonensis	0.949099166729	Mixed	#cccccc
1111	Pseudomonas sp. Root9	Propionibacterium humerusii	0.957841488692	Mixed	#cccccc
1112	Pseudomonas sp. Root9	Pseudomonas aeruginosa	0.99591000331	Mixed	#cccccc
1113	Pseudomonas sp. Root9	Pseudomonas fluorescens	0.949613421388	Vaginal_introitus	#ff0000
1114	Pseudomonas sp. Root9	Pseudomonas mandelii	0.956182887468	Vaginal_introitus	#ff0000
1115	Pseudomonas sp. Root9	Pseudomonas orientalis	0.956182887468	Vaginal_introitus	#ff0000
1116	Pseudomonas sp. Root9	Pseudomonas sp. Ag1	0.998381439457	Vaginal_introitus	#ff0000
1117	Pseudomonas sp. Root9	Pseudomonas sp. DSM 28142	0.956182887468	Vaginal_introitus	#ff0000
1118	Pseudomonas sp. Root9	Pseudomonas sp. DSM 29164	0.83152184062	Vaginal_introitus	#ff0000
1119	Pseudomonas sp. Root9	Pseudomonas sp. Eur1 9.41	0.980511009054	Vaginal_introitus	#ff0000
1120	Pseudomonas sp. Root9	Pseudomonas sp. NBRC 111132	0.95257883045	Vaginal_introitus	#ff0000
1121	Pseudomonas sp. Root9	Pseudomonas sp. NBRC 111134	0.907973339044	Vaginal_introitus	#ff0000
1122	Pseudomonas synxantha	Actinobaculum sp. oral taxon 183	0.997755748059	Mixed	#cccccc
1123	Pseudomonas synxantha	Actinomyces naeslundii	0.971285862357	Mixed	#cccccc
1124	Pseudomonas synxantha	Anaerococcus hydrogenalis	0.971285862357	Mixed	#cccccc
1125	Pseudomonas synxantha	Campylobacter ureolyticus	0.971285862357	Mixed	#cccccc
1126	Pseudomonas synxantha	Comamonas testosteroni	0.971285862357	Mixed	#cccccc
1127	Pseudomonas synxantha	Corynebacterium aurimucosum	0.952562671547	Mixed	#cccccc
1128	Pseudomonas synxantha	Corynebacterium matruchotii	0.953783782648	Mixed	#cccccc
1129	Pseudomonas synxantha	Cupriavidus basilensis	0.971285862357	Mixed	#cccccc
1130	Pseudomonas synxantha	Dialister micraerophilus	0.956506348162	Mixed	#cccccc
1131	Pseudomonas synxantha	Finegoldia magna	0.96420494075	Mixed	#cccccc
1132	Pseudomonas synxantha	Herbaspirillum chlorophenolicum	0.971285862357	Vaginal_introitus	#ff0000
1133	Pseudomonas synxantha	Lactobacillus iners	0.947028184897	Mixed	#cccccc
1134	Pseudomonas synxantha	Lactobacillus vaginalis	0.976071278319	Mixed	#cccccc
1135	Pseudomonas synxantha	Mobiluncus curtisii	0.993004624282	Mixed	#cccccc
1136	Pseudomonas synxantha	Mycobacterium abscessus	0.986611231401	Vaginal_introitus	#ff0000
1137	Pseudomonas synxantha	Mycobacterium chelonae	0.940849094708	Mixed	#cccccc
1138	Pseudomonas synxantha	Peptoniphilus grossensis	0.971285862357	Mixed	#cccccc
1139	Pseudomonas synxantha	Peptoniphilus harei	0.983442966117	Mixed	#cccccc
1140	Pseudomonas synxantha	Peptoniphilus sp. BV3C26	0.971285862357	Vaginal_introitus	#ff0000
1141	Pseudomonas synxantha	Porphyromonas uenonis	0.971285862357	Mixed	#cccccc
1142	Pseudomonas synxantha	Prevotella bivia	0.93033496983	Mixed	#cccccc
1143	Pseudomonas synxantha	Prevotella disiens	0.978647175136	Mixed	#cccccc
1144	Pseudomonas synxantha	Prevotella timonensis	0.975789326501	Mixed	#cccccc
1145	Pseudomonas synxantha	Pseudomonas fluorescens	0.9755327741	Vaginal_introitus	#ff0000
1146	Pseudomonas synxantha	Pseudomonas frederiksbergensis	1.0	Vaginal_introitus	#ff0000
1147	Pseudomonas synxantha	Pseudomonas mandelii	0.971285862357	Vaginal_introitus	#ff0000
1148	Pseudomonas synxantha	Pseudomonas orientalis	0.971285862357	Vaginal_introitus	#ff0000
1149	Pseudomonas synxantha	Pseudomonas sp. Ag1	0.88679245283	Vaginal_introitus	#ff0000
1150	Pseudomonas synxantha	Pseudomonas sp. DSM 28142	0.971285862357	Vaginal_introitus	#ff0000
1151	Pseudomonas synxantha	Pseudomonas sp. DSM 29167	1.0	Mixed	#cccccc
1152	Pseudomonas synxantha	Pseudomonas sp. Eur1 9.41	0.941355673872	Vaginal_introitus	#ff0000
1153	Pseudomonas synxantha	Pseudomonas sp. FH1	0.991647831461	Vaginal_introitus	#ff0000
1154	Pseudomonas synxantha	Pseudomonas sp. NBRC 111132	0.973322997163	Vaginal_introitus	#ff0000
1155	Pseudomonas synxantha	Pseudomonas sp. NBRC 111134	0.994496002232	Vaginal_introitus	#ff0000
1156	Pseudomonas tolaasii	Corynebacterium aurimucosum	0.943879807449	Mixed	#cccccc
1157	Pseudomonas tolaasii	Peptoniphilus timonensis	1.0	Mixed	#cccccc
1158	Roseburia intestinalis	Anaerococcus prevotii	0.943879807449	Mixed	#cccccc
1159	Roseburia intestinalis	Bacteroides dorei	1.0	Stool	#e8cb72
1160	Roseburia intestinalis	Bacteroides gallinarum	1.0	Stool	#e8cb72
1161	Roseburia intestinalis	Lactobacillus oris	1.0	Mixed	#cccccc
1162	Roseburia intestinalis	Pseudomonas putida	1.0	Mixed	#cccccc
1163	Roseburia inulinivorans	Actinomyces sp. oral taxon 171	1.0	Mixed	#cccccc
1164	Roseburia inulinivorans	Alistipes putredinis	1.0	Stool	#e8cb72
1165	Roseburia inulinivorans	Bacteroides coprocola	1.0	Stool	#e8cb72
1166	Roseburia inulinivorans	Bacteroides massiliensis	1.0	Stool	#e8cb72
1167	Roseburia inulinivorans	Bacteroides plebeius	1.0	Stool	#e8cb72
1168	Roseburia inulinivorans	Bacteroides stercoris	1.0	Stool	#e8cb72
1169	Roseburia inulinivorans	Bacteroides uniformis	1.0	Stool	#e8cb72
1170	Roseburia inulinivorans	Barnesiella intestinihominis	1.0	Stool	#e8cb72
1171	Roseburia inulinivorans	Bradyrhizobium japonicum	1.0	Mixed	#cccccc
1172	Roseburia inulinivorans	Capnocytophaga gingivalis	1.0	Mixed	#cccccc
1173	Roseburia inulinivorans	Faecalibacterium prausnitzii	0.919145030018	Stool	#e8cb72
1174	Roseburia inulinivorans	Lactobacillus acidophilus	1.0	Mixed	#cccccc
1175	Roseburia inulinivorans	Lactobacillus amylovorus	1.0	Mixed	#cccccc
1176	Roseburia inulinivorans	Lactobacillus helveticus	0.996683241278	Mixed	#cccccc
1177	Roseburia inulinivorans	Lactobacillus kefiranofaciens	0.999981367497	Mixed	#cccccc
1178	Roseburia inulinivorans	Lactobacillus kitasatonis	1.0	Mixed	#cccccc
1179	Roseburia inulinivorans	Lautropia mirabilis	1.0	Mixed	#cccccc
1180	Roseburia inulinivorans	Limnohabitans sp. Rim47	1.0	Mixed	#cccccc
1181	Roseburia inulinivorans	Oscillibacter sp. ER4	1.0	Stool	#e8cb72
1182	Roseburia inulinivorans	Prevotella sp. 109	1.0	Stool	#e8cb72
1183	Rothia dentocariosa	Alistipes putredinis	0.919824145559	Mixed	#cccccc
1184	Rothia dentocariosa	Bacteroides coprocola	0.919824145559	Mixed	#cccccc
1185	Rothia dentocariosa	Bacteroides massiliensis	0.919824145559	Mixed	#cccccc
1186	Rothia dentocariosa	Bacteroides plebeius	0.919824145559	Mixed	#cccccc
1187	Rothia dentocariosa	Bacteroides stercoris	0.919824145559	Mixed	#cccccc
1188	Rothia dentocariosa	Capnocytophaga gingivalis	0.919824145559	Supragingival_plaque	#ff8646
1189	Rothia dentocariosa	Limnohabitans sp. Rim47	0.919824145559	Mixed	#cccccc
1190	Rothia dentocariosa	Roseburia inulinivorans	0.919824145559	Mixed	#cccccc
1191	Rothia mucilaginosa	Actinobaculum sp. oral taxon 183	0.985036562622	Mixed	#cccccc
1192	Rothia mucilaginosa	Actinomyces massiliensis	0.925820099773	Mixed	#cccccc
1193	Rothia mucilaginosa	Actinomyces naeslundii	1.0	Mixed	#cccccc
1194	Rothia mucilaginosa	Anaerococcus hydrogenalis	1.0	Mixed	#cccccc
1195	Rothia mucilaginosa	Campylobacter ureolyticus	1.0	Mixed	#cccccc
1196	Rothia mucilaginosa	Comamonas testosteroni	1.0	Mixed	#cccccc
1197	Rothia mucilaginosa	Corynebacterium matruchotii	0.981980506062	Mixed	#cccccc
1198	Rothia mucilaginosa	Corynebacterium pyruviciproducens	0.979795897113	Mixed	#cccccc
1199	Rothia mucilaginosa	Cupriavidus basilensis	1.0	Mixed	#cccccc
1200	Rothia mucilaginosa	Dialister micraerophilus	0.984783558818	Mixed	#cccccc
1201	Rothia mucilaginosa	Finegoldia magna	0.999493638482	Mixed	#cccccc
1202	Rothia mucilaginosa	Herbaspirillum chlorophenolicum	1.0	Mixed	#cccccc
1203	Rothia mucilaginosa	Lactobacillus iners	0.975025192479	Mixed	#cccccc
1204	Rothia mucilaginosa	Lactobacillus vaginalis	0.993883734674	Mixed	#cccccc
1205	Rothia mucilaginosa	Lactococcus lactis	1.0	Mixed	#cccccc
1206	Rothia mucilaginosa	Mobiluncus curtisii	0.992583333971	Mixed	#cccccc
1207	Rothia mucilaginosa	Mycobacterium abscessus	0.99708312456	Mixed	#cccccc
1208	Rothia mucilaginosa	Mycobacterium chelonae	0.994445346141	Mixed	#cccccc
1209	Rothia mucilaginosa	Nocardia otitidiscaviarum	0.971285862357	Mixed	#cccccc
1210	Rothia mucilaginosa	Peptoniphilus grossensis	1.0	Mixed	#cccccc
1211	Rothia mucilaginosa	Peptoniphilus harei	0.997366631506	Mixed	#cccccc
1212	Rothia mucilaginosa	Peptoniphilus sp. BV3C26	1.0	Mixed	#cccccc
1213	Rothia mucilaginosa	Peptostreptococcus anaerobius	0.971285862357	Mixed	#cccccc
1214	Rothia mucilaginosa	Porphyromonas uenonis	1.0	Mixed	#cccccc
1215	Rothia mucilaginosa	Prevotella bivia	0.990867388614	Mixed	#cccccc
1216	Rothia mucilaginosa	Prevotella buccalis	0.925820099773	Mixed	#cccccc
1217	Rothia mucilaginosa	Prevotella disiens	0.978231976089	Mixed	#cccccc
1218	Rothia mucilaginosa	Prevotella sp. S7-1-8	0.985036562622	Mixed	#cccccc
1219	Rothia mucilaginosa	Prevotella timonensis	0.999283296742	Mixed	#cccccc
1220	Rothia mucilaginosa	Pseudomonas aeruginosa	0.925820099773	Mixed	#cccccc
1221	Rothia mucilaginosa	Pseudomonas fluorescens	0.999375585328	Mixed	#cccccc
1222	Rothia mucilaginosa	Pseudomonas frederiksbergensis	0.971285862357	Mixed	#cccccc
1223	Rothia mucilaginosa	Pseudomonas mandelii	1.0	Mixed	#cccccc
1224	Rothia mucilaginosa	Pseudomonas orientalis	1.0	Mixed	#cccccc
1225	Rothia mucilaginosa	Pseudomonas sp. Ag1	0.971285862357	Mixed	#cccccc
1226	Rothia mucilaginosa	Pseudomonas sp. DSM 28142	1.0	Mixed	#cccccc
1227	Rothia mucilaginosa	Pseudomonas sp. DSM 29167	0.971285862357	Mixed	#cccccc
1228	Rothia mucilaginosa	Pseudomonas sp. Eur1 9.41	0.994188528768	Mixed	#cccccc
1229	Rothia mucilaginosa	Pseudomonas sp. FH1	0.993858693196	Mixed	#cccccc
1230	Rothia mucilaginosa	Pseudomonas sp. NBRC 111132	0.99948999345	Mixed	#cccccc
1231	Rothia mucilaginosa	Pseudomonas sp. NBRC 111134	0.990867388614	Mixed	#cccccc
1232	Rothia mucilaginosa	Pseudomonas sp. Root9	0.956182887468	Mixed	#cccccc
1233	Rothia mucilaginosa	Pseudomonas synxantha	0.971285862357	Mixed	#cccccc
1234	Ruminococcus bicirculans	Actinomyces sp. oral taxon 171	1.0	Mixed	#cccccc
1235	Ruminococcus bicirculans	Alistipes putredinis	1.0	Stool	#e8cb72
1236	Ruminococcus bicirculans	Bacteroides coprocola	1.0	Stool	#e8cb72
1237	Ruminococcus bicirculans	Bacteroides massiliensis	1.0	Stool	#e8cb72
1238	Ruminococcus bicirculans	Bacteroides plebeius	1.0	Stool	#e8cb72
1239	Ruminococcus bicirculans	Bacteroides stercoris	1.0	Stool	#e8cb72
1240	Ruminococcus bicirculans	Bacteroides uniformis	1.0	Stool	#e8cb72
1241	Ruminococcus bicirculans	Barnesiella intestinihominis	1.0	Stool	#e8cb72
1242	Ruminococcus bicirculans	Bradyrhizobium japonicum	1.0	Mixed	#cccccc
1243	Ruminococcus bicirculans	Capnocytophaga gingivalis	1.0	Mixed	#cccccc
1244	Ruminococcus bicirculans	Faecalibacterium prausnitzii	0.919145030018	Stool	#e8cb72
1245	Ruminococcus bicirculans	Lactobacillus acidophilus	1.0	Mixed	#cccccc
1246	Ruminococcus bicirculans	Lactobacillus amylovorus	1.0	Mixed	#cccccc
1247	Ruminococcus bicirculans	Lactobacillus helveticus	0.996683241278	Mixed	#cccccc
1248	Ruminococcus bicirculans	Lactobacillus kefiranofaciens	0.999981367497	Mixed	#cccccc
1249	Ruminococcus bicirculans	Lactobacillus kitasatonis	1.0	Mixed	#cccccc
1250	Ruminococcus bicirculans	Lautropia mirabilis	1.0	Mixed	#cccccc
1251	Ruminococcus bicirculans	Limnohabitans sp. Rim47	1.0	Mixed	#cccccc
1252	Ruminococcus bicirculans	Oscillibacter sp. ER4	1.0	Stool	#e8cb72
1253	Ruminococcus bicirculans	Prevotella sp. 109	1.0	Stool	#e8cb72
1254	Ruminococcus bicirculans	Roseburia inulinivorans	1.0	Stool	#e8cb72
1255	Ruminococcus bicirculans	Rothia dentocariosa	0.919824145559	Mixed	#cccccc
1256	Salinicoccus roseus	Corynebacterium aurimucosum	0.943879807449	Mixed	#cccccc
1257	Sphingobium yanoikuyae	Herbaspirillum huttiense	0.962716875784	Vaginal_introitus	#ff0000
1258	Sphingobium yanoikuyae	Herbaspirillum sp. GW103	0.923349309156	Vaginal_introitus	#ff0000
1259	Sphingobium yanoikuyae	Lawsonella clevelandensis	0.998133494011	Mixed	#cccccc
1260	Sphingobium yanoikuyae	Parabacteroides merdae	0.949042172018	Mixed	#cccccc
1261	Sphingomonas sp. MEA3-1	Lawsonella clevelandensis	0.981980506062	Mixed	#cccccc
1262	Sphingomonas sp. MEA3-1	Sphingobium yanoikuyae	0.976744343172	Vaginal_introitus	#ff0000
1263	Sphingopyxis fribergensis	Actinobaculum sp. oral taxon 183	0.985036562622	Mixed	#cccccc
1264	Sphingopyxis fribergensis	Actinomyces naeslundii	1.0	Mixed	#cccccc
1265	Sphingopyxis fribergensis	Anaerococcus hydrogenalis	1.0	Mixed	#cccccc
1266	Sphingopyxis fribergensis	Campylobacter ureolyticus	1.0	Mixed	#cccccc
1267	Sphingopyxis fribergensis	Comamonas testosteroni	1.0	Mixed	#cccccc
1268	Sphingopyxis fribergensis	Corynebacterium matruchotii	0.981980506062	Mixed	#cccccc
1269	Sphingopyxis fribergensis	Corynebacterium pyruviciproducens	0.979795897113	Mixed	#cccccc
1270	Sphingopyxis fribergensis	Cupriavidus basilensis	1.0	Mixed	#cccccc
1271	Sphingopyxis fribergensis	Dialister micraerophilus	0.984783558818	Mixed	#cccccc
1272	Sphingopyxis fribergensis	Finegoldia magna	0.999493638482	Mixed	#cccccc
1273	Sphingopyxis fribergensis	Herbaspirillum chlorophenolicum	1.0	Vaginal_introitus	#ff0000
1274	Sphingopyxis fribergensis	Lactobacillus iners	0.975025192479	Mixed	#cccccc
1275	Sphingopyxis fribergensis	Lactobacillus vaginalis	0.993883734674	Mixed	#cccccc
1276	Sphingopyxis fribergensis	Lactococcus lactis	1.0	Mixed	#cccccc
1277	Sphingopyxis fribergensis	Levyella massiliensis	0.925820099773	Mixed	#cccccc
1278	Sphingopyxis fribergensis	Mobiluncus curtisii	0.992583333971	Mixed	#cccccc
1279	Sphingopyxis fribergensis	Mycobacterium abscessus	0.99708312456	Vaginal_introitus	#ff0000
1280	Sphingopyxis fribergensis	Mycobacterium chelonae	0.994445346141	Mixed	#cccccc
1281	Sphingopyxis fribergensis	Nocardia otitidiscaviarum	0.971285862357	Mixed	#cccccc
1282	Sphingopyxis fribergensis	Peptoniphilus grossensis	1.0	Mixed	#cccccc
1283	Sphingopyxis fribergensis	Peptoniphilus harei	0.997366631506	Mixed	#cccccc
1284	Sphingopyxis fribergensis	Peptoniphilus sp. BV3AC2	0.919145030018	Mixed	#cccccc
1285	Sphingopyxis fribergensis	Peptoniphilus sp. BV3C26	1.0	Vaginal_introitus	#ff0000
1286	Sphingopyxis fribergensis	Peptostreptococcus anaerobius	0.971285862357	Mixed	#cccccc
1287	Sphingopyxis fribergensis	Porphyromonas uenonis	1.0	Mixed	#cccccc
1288	Sphingopyxis fribergensis	Prevotella bivia	0.990867388614	Mixed	#cccccc
1289	Sphingopyxis fribergensis	Prevotella buccalis	0.925820099773	Mixed	#cccccc
1290	Sphingopyxis fribergensis	Prevotella disiens	0.978231976089	Mixed	#cccccc
1291	Sphingopyxis fribergensis	Prevotella sp. S7-1-8	0.985036562622	Mixed	#cccccc
1292	Sphingopyxis fribergensis	Prevotella timonensis	0.999283296742	Mixed	#cccccc
1293	Sphingopyxis fribergensis	Propionibacterium humerusii	0.942809041582	Mixed	#cccccc
1294	Sphingopyxis fribergensis	Pseudomonas aeruginosa	0.925820099773	Mixed	#cccccc
1295	Sphingopyxis fribergensis	Pseudomonas fluorescens	0.999375585328	Vaginal_introitus	#ff0000
1296	Sphingopyxis fribergensis	Pseudomonas frederiksbergensis	0.971285862357	Vaginal_introitus	#ff0000
1297	Sphingopyxis fribergensis	Pseudomonas mandelii	1.0	Vaginal_introitus	#ff0000
1298	Sphingopyxis fribergensis	Pseudomonas orientalis	1.0	Vaginal_introitus	#ff0000
1299	Sphingopyxis fribergensis	Pseudomonas sp. Ag1	0.971285862357	Vaginal_introitus	#ff0000
1300	Sphingopyxis fribergensis	Pseudomonas sp. DSM 28142	1.0	Vaginal_introitus	#ff0000
1301	Sphingopyxis fribergensis	Pseudomonas sp. DSM 29167	0.971285862357	Mixed	#cccccc
1302	Sphingopyxis fribergensis	Pseudomonas sp. Eur1 9.41	0.994188528768	Vaginal_introitus	#ff0000
1303	Sphingopyxis fribergensis	Pseudomonas sp. FH1	0.993858693196	Vaginal_introitus	#ff0000
1304	Sphingopyxis fribergensis	Pseudomonas sp. NBRC 111132	0.99948999345	Vaginal_introitus	#ff0000
1305	Sphingopyxis fribergensis	Pseudomonas sp. NBRC 111134	0.990867388614	Vaginal_introitus	#ff0000
1306	Sphingopyxis fribergensis	Pseudomonas sp. Root9	0.956182887468	Vaginal_introitus	#ff0000
1307	Sphingopyxis fribergensis	Pseudomonas synxantha	0.971285862357	Vaginal_introitus	#ff0000
1308	Sphingopyxis fribergensis	Rothia mucilaginosa	1.0	Mixed	#cccccc
1309	Sphingopyxis macrogoltabida	Actinobaculum sp. oral taxon 183	0.977107123593	Mixed	#cccccc
1310	Sphingopyxis macrogoltabida	Actinomyces naeslundii	0.925820099773	Mixed	#cccccc
1311	Sphingopyxis macrogoltabida	Anaerococcus provenciensis	0.878310065654	Mixed	#cccccc
1312	Sphingopyxis macrogoltabida	Comamonas testosteroni	0.925820099773	Mixed	#cccccc
1313	Sphingopyxis macrogoltabida	Corynebacterium aurimucosum	0.98692754244	Mixed	#cccccc
1314	Sphingopyxis macrogoltabida	Cupriavidus basilensis	0.925820099773	Mixed	#cccccc
1315	Sphingopyxis macrogoltabida	Herbaspirillum chlorophenolicum	0.925820099773	Vaginal_introitus	#ff0000
1316	Sphingopyxis macrogoltabida	Lactobacillus iners	0.902697920982	Mixed	#cccccc
1317	Sphingopyxis macrogoltabida	Lactobacillus vaginalis	0.937197492813	Mixed	#cccccc
1318	Sphingopyxis macrogoltabida	Lactococcus lactis	0.925820099773	Mixed	#cccccc
1319	Sphingopyxis macrogoltabida	Mobiluncus curtisii	0.964901281354	Mixed	#cccccc
1320	Sphingopyxis macrogoltabida	Mycobacterium abscessus	0.951967085294	Vaginal_introitus	#ff0000
1321	Sphingopyxis macrogoltabida	Peptoniphilus grossensis	0.925820099773	Mixed	#cccccc
1322	Sphingopyxis macrogoltabida	Peptoniphilus harei	0.946758835665	Mixed	#cccccc
1323	Sphingopyxis macrogoltabida	Peptoniphilus sp. BV3C26	0.925820099773	Vaginal_introitus	#ff0000
1324	Sphingopyxis macrogoltabida	Peptoniphilus timonensis	0.878310065654	Mixed	#cccccc
1325	Sphingopyxis macrogoltabida	Porphyromonas uenonis	0.925820099773	Mixed	#cccccc
1326	Sphingopyxis macrogoltabida	Prevotella disiens	0.950950166989	Mixed	#cccccc
1327	Sphingopyxis macrogoltabida	Prevotella sp. C561	0.878310065654	Mixed	#cccccc
1328	Sphingopyxis macrogoltabida	Prevotella timonensis	0.933416887933	Mixed	#cccccc
1329	Sphingopyxis macrogoltabida	Pseudomonas fluorescens	0.932952354153	Vaginal_introitus	#ff0000
1330	Sphingopyxis macrogoltabida	Pseudomonas frederiksbergensis	0.989159571395	Vaginal_introitus	#ff0000
1331	Sphingopyxis macrogoltabida	Pseudomonas mandelii	0.925820099773	Vaginal_introitus	#ff0000
1332	Sphingopyxis macrogoltabida	Pseudomonas orientalis	0.925820099773	Vaginal_introitus	#ff0000
1333	Sphingopyxis macrogoltabida	Pseudomonas sp. DSM 28142	0.925820099773	Vaginal_introitus	#ff0000
1334	Sphingopyxis macrogoltabida	Pseudomonas sp. DSM 29167	0.989159571395	Mixed	#cccccc
1335	Sphingopyxis macrogoltabida	Pseudomonas sp. FH1	0.961958643335	Vaginal_introitus	#ff0000
1336	Sphingopyxis macrogoltabida	Pseudomonas sp. NBRC 111132	0.929371177307	Vaginal_introitus	#ff0000
1337	Sphingopyxis macrogoltabida	Pseudomonas sp. NBRC 111134	0.968329663731	Vaginal_introitus	#ff0000
1338	Sphingopyxis macrogoltabida	Pseudomonas synxantha	0.989159571395	Vaginal_introitus	#ff0000
1339	Sphingopyxis macrogoltabida	Rothia mucilaginosa	0.925820099773	Mixed	#cccccc
1340	Sphingopyxis macrogoltabida	Sphingopyxis fribergensis	0.925820099773	Vaginal_introitus	#ff0000
1341	Sphingopyxis sp. 113P3	Actinobaculum sp. oral taxon 183	0.985036562622	Mixed	#cccccc
1342	Sphingopyxis sp. 113P3	Actinomyces naeslundii	1.0	Mixed	#cccccc
1343	Sphingopyxis sp. 113P3	Campylobacter ureolyticus	1.0	Mixed	#cccccc
1344	Sphingopyxis sp. 113P3	Comamonas testosteroni	1.0	Mixed	#cccccc
1345	Sphingopyxis sp. 113P3	Corynebacterium matruchotii	0.981980506062	Mixed	#cccccc
1346	Sphingopyxis sp. 113P3	Corynebacterium pyruviciproducens	0.979795897113	Mixed	#cccccc
1347	Sphingopyxis sp. 113P3	Cupriavidus basilensis	1.0	Mixed	#cccccc
1348	Sphingopyxis sp. 113P3	Dialister micraerophilus	0.984783558818	Mixed	#cccccc
1349	Sphingopyxis sp. 113P3	Finegoldia magna	0.999493638482	Mixed	#cccccc
1350	Sphingopyxis sp. 113P3	Herbaspirillum chlorophenolicum	1.0	Vaginal_introitus	#ff0000
1351	Sphingopyxis sp. 113P3	Lactobacillus iners	0.975025192479	Mixed	#cccccc
1352	Sphingopyxis sp. 113P3	Lactobacillus vaginalis	0.993883734674	Mixed	#cccccc
1353	Sphingopyxis sp. 113P3	Lactococcus lactis	1.0	Mixed	#cccccc
1354	Sphingopyxis sp. 113P3	Mobiluncus curtisii	0.992583333971	Mixed	#cccccc
1355	Sphingopyxis sp. 113P3	Mycobacterium abscessus	0.99708312456	Vaginal_introitus	#ff0000
1356	Sphingopyxis sp. 113P3	Mycobacterium chelonae	0.994445346141	Mixed	#cccccc
1357	Sphingopyxis sp. 113P3	Nocardia otitidiscaviarum	0.971285862357	Mixed	#cccccc
1358	Sphingopyxis sp. 113P3	Peptoniphilus grossensis	1.0	Mixed	#cccccc
1359	Sphingopyxis sp. 113P3	Peptoniphilus harei	0.997366631506	Mixed	#cccccc
1360	Sphingopyxis sp. 113P3	Peptoniphilus sp. BV3AC2	0.919145030018	Mixed	#cccccc
1361	Sphingopyxis sp. 113P3	Peptoniphilus sp. BV3C26	1.0	Vaginal_introitus	#ff0000
1362	Sphingopyxis sp. 113P3	Peptostreptococcus anaerobius	0.971285862357	Mixed	#cccccc
1363	Sphingopyxis sp. 113P3	Porphyromonas uenonis	1.0	Mixed	#cccccc
1364	Sphingopyxis sp. 113P3	Prevotella bivia	0.990867388614	Mixed	#cccccc
1365	Sphingopyxis sp. 113P3	Prevotella buccalis	0.925820099773	Mixed	#cccccc
1366	Sphingopyxis sp. 113P3	Prevotella disiens	0.978231976089	Mixed	#cccccc
1367	Sphingopyxis sp. 113P3	Prevotella sp. S7-1-8	0.985036562622	Mixed	#cccccc
1368	Sphingopyxis sp. 113P3	Prevotella timonensis	0.999283296742	Mixed	#cccccc
1369	Sphingopyxis sp. 113P3	Propionibacterium humerusii	0.942809041582	Mixed	#cccccc
1370	Sphingopyxis sp. 113P3	Pseudomonas aeruginosa	0.925820099773	Mixed	#cccccc
1371	Sphingopyxis sp. 113P3	Pseudomonas fluorescens	0.999375585328	Vaginal_introitus	#ff0000
1372	Sphingopyxis sp. 113P3	Pseudomonas frederiksbergensis	0.971285862357	Vaginal_introitus	#ff0000
1373	Sphingopyxis sp. 113P3	Pseudomonas mandelii	1.0	Vaginal_introitus	#ff0000
1374	Sphingopyxis sp. 113P3	Pseudomonas orientalis	1.0	Vaginal_introitus	#ff0000
1375	Sphingopyxis sp. 113P3	Pseudomonas sp. Ag1	0.971285862357	Vaginal_introitus	#ff0000
1376	Sphingopyxis sp. 113P3	Pseudomonas sp. DSM 28142	1.0	Vaginal_introitus	#ff0000
1377	Sphingopyxis sp. 113P3	Pseudomonas sp. DSM 29167	0.971285862357	Mixed	#cccccc
1378	Sphingopyxis sp. 113P3	Pseudomonas sp. Eur1 9.41	0.994188528768	Vaginal_introitus	#ff0000
1379	Sphingopyxis sp. 113P3	Pseudomonas sp. FH1	0.993858693196	Vaginal_introitus	#ff0000
1380	Sphingopyxis sp. 113P3	Pseudomonas sp. NBRC 111132	0.99948999345	Vaginal_introitus	#ff0000
1381	Sphingopyxis sp. 113P3	Pseudomonas sp. NBRC 111134	0.990867388614	Vaginal_introitus	#ff0000
1382	Sphingopyxis sp. 113P3	Pseudomonas sp. Root9	0.956182887468	Vaginal_introitus	#ff0000
1383	Sphingopyxis sp. 113P3	Pseudomonas synxantha	0.971285862357	Vaginal_introitus	#ff0000
1384	Sphingopyxis sp. 113P3	Rothia mucilaginosa	1.0	Mixed	#cccccc
1385	Sphingopyxis sp. 113P3	Sphingopyxis fribergensis	1.0	Vaginal_introitus	#ff0000
1386	Sphingopyxis sp. 113P3	Sphingopyxis macrogoltabida	0.925820099773	Vaginal_introitus	#ff0000
1387	Sphingopyxis sp. H050	Actinobaculum sp. oral taxon 183	0.915748426301	Mixed	#cccccc
1388	Sphingopyxis sp. H050	Actinomyces massiliensis	0.989159571395	Mixed	#cccccc
1389	Sphingopyxis sp. H050	Actinomyces naeslundii	0.971285862357	Mixed	#cccccc
1390	Sphingopyxis sp. H050	Anaerococcus hydrogenalis	0.971285862357	Mixed	#cccccc
1391	Sphingopyxis sp. H050	Anaerococcus prevotii	0.952562671547	Mixed	#cccccc
1392	Sphingopyxis sp. H050	Campylobacter ureolyticus	0.971285862357	Mixed	#cccccc
1393	Sphingopyxis sp. H050	Comamonas testosteroni	0.971285862357	Mixed	#cccccc
1394	Sphingopyxis sp. H050	Corynebacterium matruchotii	0.953783782648	Mixed	#cccccc
1395	Sphingopyxis sp. H050	Corynebacterium pyruviciproducens	0.999244998005	Mixed	#cccccc
1396	Sphingopyxis sp. H050	Cupriavidus basilensis	0.971285862357	Mixed	#cccccc
1397	Sphingopyxis sp. H050	Dialister micraerophilus	0.956506348162	Mixed	#cccccc
1398	Sphingopyxis sp. H050	Finegoldia magna	0.977383140396	Mixed	#cccccc
1399	Sphingopyxis sp. H050	Herbaspirillum chlorophenolicum	0.971285862357	Vaginal_introitus	#ff0000
1400	Sphingopyxis sp. H050	Lactobacillus iners	0.947028184897	Mixed	#cccccc
1401	Sphingopyxis sp. H050	Lactobacillus vaginalis	0.954619162312	Mixed	#cccccc
1402	Sphingopyxis sp. H050	Lactococcus lactis	0.971285862357	Mixed	#cccccc
1403	Sphingopyxis sp. H050	Levyella massiliensis	0.989159571395	Mixed	#cccccc
1404	Sphingopyxis sp. H050	Mobiluncus curtisii	0.935159694712	Mixed	#cccccc
1405	Sphingopyxis sp. H050	Mycobacterium abscessus	0.950294253558	Vaginal_introitus	#ff0000
1406	Sphingopyxis sp. H050	Mycobacterium chelonae	0.99093231648	Mixed	#cccccc
1407	Sphingopyxis sp. H050	Nocardia otitidiscaviarum	1.0	Mixed	#cccccc
1408	Sphingopyxis sp. H050	Peptoniphilus grossensis	0.971285862357	Mixed	#cccccc
1409	Sphingopyxis sp. H050	Peptoniphilus harei	0.95401325142	Mixed	#cccccc
1410	Sphingopyxis sp. H050	Peptostreptococcus anaerobius	1.0	Mixed	#cccccc
1411	Sphingopyxis sp. H050	Porphyromonas uenonis	0.971285862357	Mixed	#cccccc
1412	Sphingopyxis sp. H050	Prevotella bivia	0.994496002232	Mixed	#cccccc
1413	Sphingopyxis sp. H050	Prevotella buccalis	0.989159571395	Mixed	#cccccc
1414	Sphingopyxis sp. H050	Prevotella sp. S7-1-8	0.997755748059	Mixed	#cccccc
1415	Sphingopyxis sp. H050	Prevotella timonensis	0.96539015073	Mixed	#cccccc
1416	Sphingopyxis sp. H050	Propionibacterium humerusii	0.961523947641	Mixed	#cccccc
1417	Sphingopyxis sp. H050	Pseudomonas aeruginosa	0.989159571395	Mixed	#cccccc
1418	Sphingopyxis sp. H050	Pseudomonas fluorescens	0.965825980328	Vaginal_introitus	#ff0000
1419	Sphingopyxis sp. H050	Pseudomonas frederiksbergensis	0.88679245283	Vaginal_introitus	#ff0000
1420	Sphingopyxis sp. H050	Pseudomonas mandelii	0.971285862357	Vaginal_introitus	#ff0000
1421	Sphingopyxis sp. H050	Pseudomonas orientalis	0.971285862357	Vaginal_introitus	#ff0000
1422	Sphingopyxis sp. H050	Pseudomonas sp. Ag1	1.0	Vaginal_introitus	#ff0000
1423	Sphingopyxis sp. H050	Pseudomonas sp. DSM 28142	0.971285862357	Vaginal_introitus	#ff0000
1424	Sphingopyxis sp. H050	Pseudomonas sp. Eur1 9.41	0.989926851148	Vaginal_introitus	#ff0000
1425	Sphingopyxis sp. H050	Pseudomonas sp. FH1	0.938993964303	Vaginal_introitus	#ff0000
1426	Sphingopyxis sp. H050	Pseudomonas sp. NBRC 111132	0.968258003249	Vaginal_introitus	#ff0000
1427	Sphingopyxis sp. H050	Pseudomonas sp. NBRC 111134	0.93033496983	Vaginal_introitus	#ff0000
1428	Sphingopyxis sp. H050	Pseudomonas sp. Root9	0.998381439457	Vaginal_introitus	#ff0000
1429	Sphingopyxis sp. H050	Pseudomonas synxantha	0.88679245283	Vaginal_introitus	#ff0000
1430	Sphingopyxis sp. H050	Rothia mucilaginosa	0.971285862357	Mixed	#cccccc
1431	Sphingopyxis sp. H050	Sphingopyxis fribergensis	0.971285862357	Vaginal_introitus	#ff0000
1432	Sphingopyxis sp. H050	Sphingopyxis sp. 113P3	0.971285862357	Vaginal_introitus	#ff0000
1433	Sphingopyxis sp. H115	Anaerococcus prevotii	0.943879807449	Mixed	#cccccc
1434	Sphingopyxis sp. H115	Campylobacter hominis	1.0	Mixed	#cccccc
1435	Sphingopyxis sp. H115	[Eubacterium] rectale	1.0	Mixed	#cccccc
1436	Sphingopyxis sp. H115	Prevotella buccalis	0.878310065654	Mixed	#cccccc
1437	Sphingopyxis sp. LC81	Actinobaculum sp. oral taxon 183	0.985036562622	Mixed	#cccccc
1438	Sphingopyxis sp. LC81	Actinomyces massiliensis	0.925820099773	Mixed	#cccccc
1439	Sphingopyxis sp. LC81	Actinomyces naeslundii	1.0	Mixed	#cccccc
1440	Sphingopyxis sp. LC81	Anaerococcus hydrogenalis	1.0	Mixed	#cccccc
1441	Sphingopyxis sp. LC81	Campylobacter ureolyticus	1.0	Mixed	#cccccc
1442	Sphingopyxis sp. LC81	Comamonas testosteroni	1.0	Mixed	#cccccc
1443	Sphingopyxis sp. LC81	Corynebacterium matruchotii	0.981980506062	Mixed	#cccccc
1444	Sphingopyxis sp. LC81	Corynebacterium pyruviciproducens	0.979795897113	Mixed	#cccccc
1445	Sphingopyxis sp. LC81	Cupriavidus basilensis	1.0	Mixed	#cccccc
1446	Sphingopyxis sp. LC81	Dialister micraerophilus	0.984783558818	Mixed	#cccccc
1447	Sphingopyxis sp. LC81	Finegoldia magna	0.999493638482	Mixed	#cccccc
1448	Sphingopyxis sp. LC81	Herbaspirillum chlorophenolicum	1.0	Vaginal_introitus	#ff0000
1449	Sphingopyxis sp. LC81	Lactobacillus iners	0.975025192479	Mixed	#cccccc
1450	Sphingopyxis sp. LC81	Lactobacillus vaginalis	0.993883734674	Mixed	#cccccc
1451	Sphingopyxis sp. LC81	Lactococcus lactis	1.0	Mixed	#cccccc
1452	Sphingopyxis sp. LC81	Levyella massiliensis	0.925820099773	Mixed	#cccccc
1453	Sphingopyxis sp. LC81	Mobiluncus curtisii	0.992583333971	Mixed	#cccccc
1454	Sphingopyxis sp. LC81	Mycobacterium abscessus	0.99708312456	Vaginal_introitus	#ff0000
1455	Sphingopyxis sp. LC81	Nocardia otitidiscaviarum	0.971285862357	Mixed	#cccccc
1456	Sphingopyxis sp. LC81	Peptoniphilus grossensis	1.0	Mixed	#cccccc
1457	Sphingopyxis sp. LC81	Peptoniphilus harei	0.997366631506	Mixed	#cccccc
1458	Sphingopyxis sp. LC81	Peptoniphilus sp. BV3AC2	0.919145030018	Mixed	#cccccc
1459	Sphingopyxis sp. LC81	Peptoniphilus sp. BV3C26	1.0	Vaginal_introitus	#ff0000
1460	Sphingopyxis sp. LC81	Peptostreptococcus anaerobius	0.971285862357	Mixed	#cccccc
1461	Sphingopyxis sp. LC81	Porphyromonas uenonis	1.0	Mixed	#cccccc
1462	Sphingopyxis sp. LC81	Prevotella bivia	0.990867388614	Mixed	#cccccc
1463	Sphingopyxis sp. LC81	Prevotella buccalis	0.925820099773	Mixed	#cccccc
1464	Sphingopyxis sp. LC81	Prevotella disiens	0.978231976089	Mixed	#cccccc
1465	Sphingopyxis sp. LC81	Prevotella sp. S7-1-8	0.985036562622	Mixed	#cccccc
1466	Sphingopyxis sp. LC81	Prevotella timonensis	0.999283296742	Mixed	#cccccc
1467	Sphingopyxis sp. LC81	Propionibacterium humerusii	0.942809041582	Mixed	#cccccc
1468	Sphingopyxis sp. LC81	Pseudomonas aeruginosa	0.925820099773	Mixed	#cccccc
1469	Sphingopyxis sp. LC81	Pseudomonas fluorescens	0.999375585328	Vaginal_introitus	#ff0000
1470	Sphingopyxis sp. LC81	Pseudomonas frederiksbergensis	0.971285862357	Vaginal_introitus	#ff0000
1471	Sphingopyxis sp. LC81	Pseudomonas mandelii	1.0	Vaginal_introitus	#ff0000
1472	Sphingopyxis sp. LC81	Pseudomonas orientalis	1.0	Vaginal_introitus	#ff0000
1473	Sphingopyxis sp. LC81	Pseudomonas sp. Ag1	0.971285862357	Vaginal_introitus	#ff0000
1474	Sphingopyxis sp. LC81	Pseudomonas sp. DSM 28142	1.0	Vaginal_introitus	#ff0000
1475	Sphingopyxis sp. LC81	Pseudomonas sp. DSM 29167	0.971285862357	Mixed	#cccccc
1476	Sphingopyxis sp. LC81	Pseudomonas sp. Eur1 9.41	0.994188528768	Vaginal_introitus	#ff0000
1477	Sphingopyxis sp. LC81	Pseudomonas sp. FH1	0.993858693196	Vaginal_introitus	#ff0000
1478	Sphingopyxis sp. LC81	Pseudomonas sp. NBRC 111132	0.99948999345	Vaginal_introitus	#ff0000
1479	Sphingopyxis sp. LC81	Pseudomonas sp. NBRC 111134	0.990867388614	Vaginal_introitus	#ff0000
1480	Sphingopyxis sp. LC81	Pseudomonas sp. Root9	0.956182887468	Vaginal_introitus	#ff0000
1481	Sphingopyxis sp. LC81	Pseudomonas synxantha	0.971285862357	Vaginal_introitus	#ff0000
1482	Sphingopyxis sp. LC81	Rothia mucilaginosa	1.0	Mixed	#cccccc
1483	Sphingopyxis sp. LC81	Sphingopyxis fribergensis	1.0	Vaginal_introitus	#ff0000
1484	Sphingopyxis sp. LC81	Sphingopyxis macrogoltabida	0.925820099773	Vaginal_introitus	#ff0000
1485	Sphingopyxis sp. LC81	Sphingopyxis sp. 113P3	1.0	Vaginal_introitus	#ff0000
1486	Sphingopyxis sp. LC81	Sphingopyxis sp. H050	0.971285862357	Vaginal_introitus	#ff0000
1487	Sphingopyxis sp. Root1497	Anaerococcus prevotii	0.943879807449	Mixed	#cccccc
1488	Sphingopyxis sp. Root1497	Burkholderiales bacterium 1_1_47	1.0	Mixed	#cccccc
1489	Stenotrophomonas maltophilia	Actinobaculum sp. oral taxon 183	0.996859270458	Mixed	#cccccc
1490	Stenotrophomonas maltophilia	Actinomyces naeslundii	0.995591455388	Mixed	#cccccc
1491	Stenotrophomonas maltophilia	Anaerococcus hydrogenalis	0.995591455388	Mixed	#cccccc
1492	Stenotrophomonas maltophilia	Campylobacter ureolyticus	0.995591455388	Mixed	#cccccc
1493	Stenotrophomonas maltophilia	Comamonas testosteroni	0.995591455388	Mixed	#cccccc
1494	Stenotrophomonas maltophilia	Corynebacterium matruchotii	0.977651401193	Mixed	#cccccc
1495	Stenotrophomonas maltophilia	Corynebacterium pyruviciproducens	0.956717261206	Mixed	#cccccc
1496	Stenotrophomonas maltophilia	Cupriavidus basilensis	0.995591455388	Mixed	#cccccc
1497	Stenotrophomonas maltophilia	Dialister micraerophilus	0.980442096565	Mixed	#cccccc
1498	Stenotrophomonas maltophilia	Finegoldia magna	0.992489639119	Mixed	#cccccc
1499	Stenotrophomonas maltophilia	Herbaspirillum chlorophenolicum	0.995591455388	Mixed	#cccccc
1500	Stenotrophomonas maltophilia	Lactobacillus iners	0.97072675042	Mixed	#cccccc
1501	Stenotrophomonas maltophilia	Lactobacillus vaginalis	0.993730795573	Mixed	#cccccc
1502	Stenotrophomonas maltophilia	Lactococcus lactis	0.995591455388	Anterior_nares	#8000ff
1503	Stenotrophomonas maltophilia	Mobiluncus curtisii	0.999609880132	Mixed	#cccccc
1504	Stenotrophomonas maltophilia	Mycobacterium abscessus	0.99984624277	Mixed	#cccccc
1505	Stenotrophomonas maltophilia	Mycobacterium chelonae	0.980188883448	Mixed	#cccccc
1506	Stenotrophomonas maltophilia	Nocardia otitidiscaviarum	0.944688430564	Mixed	#cccccc
1507	Stenotrophomonas maltophilia	Peptoniphilus grossensis	0.995591455388	Mixed	#cccccc
1508	Stenotrophomonas maltophilia	Peptoniphilus harei	0.998770882367	Mixed	#cccccc
1509	Stenotrophomonas maltophilia	Peptoniphilus sp. BV3C26	0.995591455388	Mixed	#cccccc
1510	Stenotrophomonas maltophilia	Peptostreptococcus anaerobius	0.944688430564	Mixed	#cccccc
1511	Stenotrophomonas maltophilia	Porphyromonas uenonis	0.995591455388	Mixed	#cccccc
1512	Stenotrophomonas maltophilia	Prevotella bivia	0.973851681096	Mixed	#cccccc
1513	Stenotrophomonas maltophilia	Prevotella disiens	0.985156928283	Mixed	#cccccc
1514	Stenotrophomonas maltophilia	Prevotella sp. S7-1-8	0.964528699524	Mixed	#cccccc
1515	Stenotrophomonas maltophilia	Prevotella timonensis	0.996927797556	Anterior_nares	#8000ff
1516	Stenotrophomonas maltophilia	Propionibacterium humerusii	0.920601613826	Mixed	#cccccc
1517	Stenotrophomonas maltophilia	Pseudomonas fluorescens	0.996883196924	Mixed	#cccccc
1518	Stenotrophomonas maltophilia	Pseudomonas frederiksbergensis	0.98931938004	Mixed	#cccccc
1519	Stenotrophomonas maltophilia	Pseudomonas mandelii	0.995591455388	Mixed	#cccccc
1520	Stenotrophomonas maltophilia	Pseudomonas orientalis	0.995591455388	Mixed	#cccccc
1521	Stenotrophomonas maltophilia	Pseudomonas sp. Ag1	0.944688430564	Mixed	#cccccc
1522	Stenotrophomonas maltophilia	Pseudomonas sp. DSM 28142	0.995591455388	Mixed	#cccccc
1523	Stenotrophomonas maltophilia	Pseudomonas sp. DSM 29167	0.98931938004	Mixed	#cccccc
1524	Stenotrophomonas maltophilia	Pseudomonas sp. Eur1 9.41	0.980231252517	Mixed	#cccccc
1525	Stenotrophomonas maltophilia	Pseudomonas sp. FH1	0.999856354516	Mixed	#cccccc
1526	Stenotrophomonas maltophilia	Pseudomonas sp. NBRC 111132	0.996082108961	Mixed	#cccccc
1527	Stenotrophomonas maltophilia	Pseudomonas sp. NBRC 111134	0.999146529956	Mixed	#cccccc
1528	Stenotrophomonas maltophilia	Pseudomonas sp. Root9	0.924506911227	Mixed	#cccccc
1529	Stenotrophomonas maltophilia	Pseudomonas synxantha	0.98931938004	Mixed	#cccccc
1530	Stenotrophomonas maltophilia	Rothia mucilaginosa	0.995591455388	Mixed	#cccccc
1531	Stenotrophomonas maltophilia	Sphingopyxis fribergensis	0.995591455388	Mixed	#cccccc
1532	Stenotrophomonas maltophilia	Sphingopyxis macrogoltabida	0.957190064427	Mixed	#cccccc
1533	Stenotrophomonas maltophilia	Sphingopyxis sp. 113P3	0.995591455388	Mixed	#cccccc
1534	Stenotrophomonas maltophilia	Sphingopyxis sp. H050	0.944688430564	Mixed	#cccccc
1535	Stenotrophomonas maltophilia	Sphingopyxis sp. LC81	0.995591455388	Mixed	#cccccc
1536	Sutterellaceae bacterium ND3	Actinobaculum sp. oral taxon 183	0.977107123593	Mixed	#cccccc
1537	Sutterellaceae bacterium ND3	Anaerococcus hydrogenalis	0.925820099773	Mixed	#cccccc
1538	Sutterellaceae bacterium ND3	Campylobacter ureolyticus	0.925820099773	Mixed	#cccccc
1539	Sutterellaceae bacterium ND3	Corynebacterium aurimucosum	0.98692754244	Anterior_nares	#8000ff
1540	Sutterellaceae bacterium ND3	Herbaspirillum chlorophenolicum	0.925820099773	Mixed	#cccccc
1541	Sutterellaceae bacterium ND3	Lactobacillus iners	0.902697920982	Mixed	#cccccc
1542	Sutterellaceae bacterium ND3	Lactobacillus vaginalis	0.937197492813	Mixed	#cccccc
1543	Sutterellaceae bacterium ND3	Mobiluncus curtisii	0.964901281354	Mixed	#cccccc
1544	Sutterellaceae bacterium ND3	Mycobacterium abscessus	0.951967085294	Mixed	#cccccc
1545	Sutterellaceae bacterium ND3	Peptoniphilus harei	0.946758835665	Mixed	#cccccc
1546	Sutterellaceae bacterium ND3	Peptoniphilus sp. BV3C26	0.925820099773	Mixed	#cccccc
1547	Sutterellaceae bacterium ND3	Peptoniphilus timonensis	0.878310065654	Mixed	#cccccc
1548	Sutterellaceae bacterium ND3	Porphyromonas uenonis	0.925820099773	Mixed	#cccccc
1549	Sutterellaceae bacterium ND3	Prevotella disiens	0.950950166989	Mixed	#cccccc
1550	Sutterellaceae bacterium ND3	Prevotella timonensis	0.933416887933	Anterior_nares	#8000ff
1551	Sutterellaceae bacterium ND3	Pseudomonas fluorescens	0.932952354153	Mixed	#cccccc
1552	Sutterellaceae bacterium ND3	Pseudomonas frederiksbergensis	0.989159571395	Mixed	#cccccc
1553	Sutterellaceae bacterium ND3	Pseudomonas mandelii	0.925820099773	Mixed	#cccccc
1554	Sutterellaceae bacterium ND3	Pseudomonas orientalis	0.925820099773	Mixed	#cccccc
1555	Sutterellaceae bacterium ND3	Pseudomonas sp. DSM 28142	0.925820099773	Mixed	#cccccc
1556	Sutterellaceae bacterium ND3	Pseudomonas sp. DSM 29167	0.989159571395	Mixed	#cccccc
1557	Sutterellaceae bacterium ND3	Pseudomonas sp. FH1	0.961958643335	Mixed	#cccccc
1558	Sutterellaceae bacterium ND3	Pseudomonas sp. NBRC 111134	0.968329663731	Mixed	#cccccc
1559	Sutterellaceae bacterium ND3	Pseudomonas synxantha	0.989159571395	Mixed	#cccccc
1560	Sutterellaceae bacterium ND3	Rothia mucilaginosa	0.925820099773	Mixed	#cccccc
1561	Sutterellaceae bacterium ND3	Sphingopyxis fribergensis	0.925820099773	Mixed	#cccccc
1562	Sutterellaceae bacterium ND3	Sphingopyxis macrogoltabida	1.0	Mixed	#cccccc
1563	Sutterellaceae bacterium ND3	Sphingopyxis sp. 113P3	0.925820099773	Mixed	#cccccc
1564	Sutterellaceae bacterium ND3	Sphingopyxis sp. LC81	0.925820099773	Mixed	#cccccc
1565	Sutterellaceae bacterium ND3	Stenotrophomonas maltophilia	0.957190064427	Anterior_nares	#8000ff
1566	Sutterella wadsworthensis	Actinomyces sp. oral taxon 171	1.0	Mixed	#cccccc
1567	Sutterella wadsworthensis	Alistipes putredinis	1.0	Stool	#e8cb72
1568	Sutterella wadsworthensis	Bacteroides coprocola	1.0	Stool	#e8cb72
1569	Sutterella wadsworthensis	Bacteroides massiliensis	1.0	Stool	#e8cb72
1570	Sutterella wadsworthensis	Bacteroides plebeius	1.0	Stool	#e8cb72
1571	Sutterella wadsworthensis	Bacteroides stercoris	1.0	Stool	#e8cb72
1572	Sutterella wadsworthensis	Bacteroides uniformis	1.0	Stool	#e8cb72
1573	Sutterella wadsworthensis	Barnesiella intestinihominis	1.0	Stool	#e8cb72
1574	Sutterella wadsworthensis	Bradyrhizobium japonicum	1.0	Mixed	#cccccc
1575	Sutterella wadsworthensis	Capnocytophaga gingivalis	1.0	Mixed	#cccccc
1576	Sutterella wadsworthensis	Faecalibacterium prausnitzii	0.919145030018	Stool	#e8cb72
1577	Sutterella wadsworthensis	Lactobacillus acidophilus	1.0	Mixed	#cccccc
1578	Sutterella wadsworthensis	Lactobacillus amylovorus	1.0	Mixed	#cccccc
1579	Sutterella wadsworthensis	Lactobacillus helveticus	0.996683241278	Mixed	#cccccc
1580	Sutterella wadsworthensis	Lactobacillus kefiranofaciens	0.999981367497	Mixed	#cccccc
1581	Sutterella wadsworthensis	Lactobacillus kitasatonis	1.0	Mixed	#cccccc
1582	Sutterella wadsworthensis	Lautropia mirabilis	1.0	Mixed	#cccccc
1583	Sutterella wadsworthensis	Limnohabitans sp. Rim47	1.0	Mixed	#cccccc
1584	Sutterella wadsworthensis	Oscillibacter sp. ER4	1.0	Stool	#e8cb72
1585	Sutterella wadsworthensis	Prevotella sp. 109	1.0	Stool	#e8cb72
1586	Sutterella wadsworthensis	Roseburia inulinivorans	1.0	Stool	#e8cb72
1587	Sutterella wadsworthensis	Ruminococcus bicirculans	1.0	Stool	#e8cb72
1588	Tissierellia bacterium S5-A11	Actinobaculum sp. oral taxon 183	0.985036562622	Mixed	#cccccc
1589	Tissierellia bacterium S5-A11	Actinomyces massiliensis	0.925820099773	Mixed	#cccccc
1590	Tissierellia bacterium S5-A11	Actinomyces naeslundii	1.0	Mixed	#cccccc
1591	Tissierellia bacterium S5-A11	Anaerococcus hydrogenalis	1.0	Mixed	#cccccc
1592	Tissierellia bacterium S5-A11	Campylobacter ureolyticus	1.0	Mixed	#cccccc
1593	Tissierellia bacterium S5-A11	Comamonas testosteroni	1.0	Mixed	#cccccc
1594	Tissierellia bacterium S5-A11	Corynebacterium aurimucosum	0.852802865422	Anterior_nares	#8000ff
1595	Tissierellia bacterium S5-A11	Corynebacterium matruchotii	0.981980506062	Mixed	#cccccc
1596	Tissierellia bacterium S5-A11	Corynebacterium pyruviciproducens	0.979795897113	Mixed	#cccccc
1597	Tissierellia bacterium S5-A11	Cupriavidus basilensis	1.0	Mixed	#cccccc
1598	Tissierellia bacterium S5-A11	Dialister micraerophilus	0.984783558818	Mixed	#cccccc
1599	Tissierellia bacterium S5-A11	Finegoldia magna	0.999493638482	Mixed	#cccccc
1600	Tissierellia bacterium S5-A11	Herbaspirillum chlorophenolicum	1.0	Mixed	#cccccc
1601	Tissierellia bacterium S5-A11	Lactobacillus iners	0.975025192479	Mixed	#cccccc
1602	Tissierellia bacterium S5-A11	Lactobacillus vaginalis	0.993883734674	Mixed	#cccccc
1603	Tissierellia bacterium S5-A11	Lactococcus lactis	1.0	Anterior_nares	#8000ff
1604	Tissierellia bacterium S5-A11	Levyella massiliensis	0.925820099773	Anterior_nares	#8000ff
1605	Tissierellia bacterium S5-A11	Mobiluncus curtisii	0.992583333971	Mixed	#cccccc
1606	Tissierellia bacterium S5-A11	Mycobacterium abscessus	0.99708312456	Mixed	#cccccc
1607	Tissierellia bacterium S5-A11	Mycobacterium chelonae	0.994445346141	Mixed	#cccccc
1608	Tissierellia bacterium S5-A11	Nocardia otitidiscaviarum	0.971285862357	Mixed	#cccccc
1609	Tissierellia bacterium S5-A11	Peptoniphilus grossensis	1.0	Mixed	#cccccc
1610	Tissierellia bacterium S5-A11	Peptoniphilus harei	0.997366631506	Mixed	#cccccc
1611	Tissierellia bacterium S5-A11	Peptoniphilus sp. BV3C26	1.0	Mixed	#cccccc
1612	Tissierellia bacterium S5-A11	Peptostreptococcus anaerobius	0.971285862357	Mixed	#cccccc
1613	Tissierellia bacterium S5-A11	Porphyromonas uenonis	1.0	Mixed	#cccccc
1614	Tissierellia bacterium S5-A11	Prevotella bivia	0.990867388614	Mixed	#cccccc
1615	Tissierellia bacterium S5-A11	Prevotella buccalis	0.925820099773	Mixed	#cccccc
1616	Tissierellia bacterium S5-A11	Prevotella disiens	0.978231976089	Mixed	#cccccc
1617	Tissierellia bacterium S5-A11	Prevotella sp. S7-1-8	0.985036562622	Mixed	#cccccc
1618	Tissierellia bacterium S5-A11	Prevotella timonensis	0.999283296742	Anterior_nares	#8000ff
1619	Tissierellia bacterium S5-A11	Pseudomonas fluorescens	0.999375585328	Mixed	#cccccc
1620	Tissierellia bacterium S5-A11	Pseudomonas frederiksbergensis	0.971285862357	Mixed	#cccccc
1621	Tissierellia bacterium S5-A11	Pseudomonas mandelii	1.0	Mixed	#cccccc
1622	Tissierellia bacterium S5-A11	Pseudomonas orientalis	1.0	Mixed	#cccccc
1623	Tissierellia bacterium S5-A11	Pseudomonas sp. Ag1	0.971285862357	Mixed	#cccccc
1624	Tissierellia bacterium S5-A11	Pseudomonas sp. DSM 28142	1.0	Mixed	#cccccc
1625	Tissierellia bacterium S5-A11	Pseudomonas sp. DSM 29167	0.971285862357	Mixed	#cccccc
1626	Tissierellia bacterium S5-A11	Pseudomonas sp. Eur1 9.41	0.994188528768	Mixed	#cccccc
1627	Tissierellia bacterium S5-A11	Pseudomonas sp. FH1	0.993858693196	Mixed	#cccccc
1628	Tissierellia bacterium S5-A11	Pseudomonas sp. NBRC 111132	0.99948999345	Mixed	#cccccc
1629	Tissierellia bacterium S5-A11	Pseudomonas sp. NBRC 111134	0.990867388614	Mixed	#cccccc
1630	Tissierellia bacterium S5-A11	Pseudomonas sp. Root9	0.956182887468	Mixed	#cccccc
1631	Tissierellia bacterium S5-A11	Pseudomonas synxantha	0.971285862357	Mixed	#cccccc
1632	Tissierellia bacterium S5-A11	Rothia mucilaginosa	1.0	Mixed	#cccccc
1633	Tissierellia bacterium S5-A11	Sphingopyxis fribergensis	1.0	Mixed	#cccccc
1634	Tissierellia bacterium S5-A11	Sphingopyxis macrogoltabida	0.925820099773	Mixed	#cccccc
1635	Tissierellia bacterium S5-A11	Sphingopyxis sp. 113P3	1.0	Mixed	#cccccc
1636	Tissierellia bacterium S5-A11	Sphingopyxis sp. H050	0.971285862357	Mixed	#cccccc
1637	Tissierellia bacterium S5-A11	Sphingopyxis sp. LC81	1.0	Mixed	#cccccc
1638	Tissierellia bacterium S5-A11	Stenotrophomonas maltophilia	0.995591455388	Anterior_nares	#8000ff
1639	Tissierellia bacterium S5-A11	Sutterellaceae bacterium ND3	0.925820099773	Anterior_nares	#8000ff
1640	Ureaplasma parvum	Actinobaculum sp. oral taxon 183	0.992807346443	Mixed	#cccccc
1641	Ureaplasma parvum	Actinomyces naeslundii	0.998585238622	Mixed	#cccccc
1642	Ureaplasma parvum	Anaerococcus hydrogenalis	0.998585238622	Mixed	#cccccc
1643	Ureaplasma parvum	Campylobacter ureolyticus	0.998585238622	Mixed	#cccccc
1644	Ureaplasma parvum	Comamonas testosteroni	0.998585238622	Mixed	#cccccc
1645	Ureaplasma parvum	Corynebacterium matruchotii	0.980591237968	Mixed	#cccccc
1646	Ureaplasma parvum	Corynebacterium pyruviciproducens	0.967774831462	Mixed	#cccccc
1647	Ureaplasma parvum	Cupriavidus basilensis	0.998585238622	Mixed	#cccccc
1648	Ureaplasma parvum	Dialister micraerophilus	0.983390325073	Mixed	#cccccc
1649	Ureaplasma parvum	Finegoldia magna	0.996606920466	Mixed	#cccccc
1650	Ureaplasma parvum	Herbaspirillum chlorophenolicum	0.998585238622	Vaginal_introitus	#ff0000
1651	Ureaplasma parvum	Lactobacillus iners	0.973645764494	Mixed	#cccccc
1652	Ureaplasma parvum	Lactobacillus vaginalis	0.994874915304	Mixed	#cccccc
1653	Ureaplasma parvum	Lactococcus lactis	0.998585238622	Mixed	#cccccc
1654	Ureaplasma parvum	Mobiluncus curtisii	0.997643276702	Mixed	#cccccc
1655	Ureaplasma parvum	Mycobacterium abscessus	0.999730937513	Vaginal_introitus	#ff0000
1656	Ureaplasma parvum	Mycobacterium chelonae	0.987441608246	Mixed	#cccccc
1657	Ureaplasma parvum	Peptoniphilus grossensis	0.998585238622	Mixed	#cccccc
1658	Ureaplasma parvum	Peptoniphilus harei	0.999244386896	Mixed	#cccccc
1659	Ureaplasma parvum	Peptoniphilus sp. BV3AC2	0.917844659129	Mixed	#cccccc
1660	Ureaplasma parvum	Peptoniphilus sp. BV3C26	0.998585238622	Vaginal_introitus	#ff0000
1661	Ureaplasma parvum	Peptostreptococcus anaerobius	0.957260702137	Mixed	#cccccc
1662	Ureaplasma parvum	Porphyromonas uenonis	0.998585238622	Mixed	#cccccc
1663	Ureaplasma parvum	Prevotella bivia	0.982295507501	Mixed	#cccccc
1664	Ureaplasma parvum	Prevotella disiens	0.98321875917	Mixed	#cccccc
1665	Ureaplasma parvum	Prevotella sp. S7-1-8	0.974478595432	Mixed	#cccccc
1666	Ureaplasma parvum	Prevotella timonensis	0.999031664487	Mixed	#cccccc
1667	Ureaplasma parvum	Propionibacterium humerusii	0.931241765766	Mixed	#cccccc
1668	Ureaplasma parvum	Pseudomonas fluorescens	0.999046448334	Vaginal_introitus	#ff0000
1669	Ureaplasma parvum	Pseudomonas frederiksbergensis	0.982562747127	Vaginal_introitus	#ff0000
1670	Ureaplasma parvum	Pseudomonas mandelii	0.998585238622	Vaginal_introitus	#ff0000
1671	Ureaplasma parvum	Pseudomonas orientalis	0.998585238622	Vaginal_introitus	#ff0000
1672	Ureaplasma parvum	Pseudomonas sp. Ag1	0.957260702137	Vaginal_introitus	#ff0000
1673	Ureaplasma parvum	Pseudomonas sp. DSM 28142	0.998585238622	Vaginal_introitus	#ff0000
1674	Ureaplasma parvum	Pseudomonas sp. DSM 29167	0.982562747127	Mixed	#cccccc
1675	Ureaplasma parvum	Pseudomonas sp. Eur1 9.41	0.987354126238	Vaginal_introitus	#ff0000
1676	Ureaplasma parvum	Pseudomonas sp. FH1	0.998336726746	Vaginal_introitus	#ff0000
1677	Ureaplasma parvum	Pseudomonas sp. NBRC 111132	0.998641970218	Vaginal_introitus	#ff0000
1678	Ureaplasma parvum	Pseudomonas sp. NBRC 111134	0.996635587902	Vaginal_introitus	#ff0000
1679	Ureaplasma parvum	Pseudomonas sp. Root9	0.939262234508	Vaginal_introitus	#ff0000
1680	Ureaplasma parvum	Pseudomonas synxantha	0.982562747127	Vaginal_introitus	#ff0000
1681	Ureaplasma parvum	Rothia mucilaginosa	0.998585238622	Mixed	#cccccc
1682	Ureaplasma parvum	Sphingopyxis fribergensis	0.998585238622	Vaginal_introitus	#ff0000
1683	Ureaplasma parvum	Sphingopyxis macrogoltabida	0.944608334932	Vaginal_introitus	#ff0000
1684	Ureaplasma parvum	Sphingopyxis sp. 113P3	0.998585238622	Vaginal_introitus	#ff0000
1685	Ureaplasma parvum	Sphingopyxis sp. H050	0.957260702137	Vaginal_introitus	#ff0000
1686	Ureaplasma parvum	Sphingopyxis sp. LC81	0.998585238622	Vaginal_introitus	#ff0000
1687	Ureaplasma parvum	Stenotrophomonas maltophilia	0.999170470836	Mixed	#cccccc
1688	Ureaplasma parvum	Sutterellaceae bacterium ND3	0.944608334932	Mixed	#cccccc
1689	Ureaplasma parvum	Tissierellia bacterium S5-A11	0.998585238622	Mixed	#cccccc
1690	Varibaculum cambriense	Actinobaculum sp. oral taxon 183	0.915748426301	Mixed	#cccccc
1691	Varibaculum cambriense	Actinomyces massiliensis	0.989159571395	Mixed	#cccccc
1692	Varibaculum cambriense	Actinomyces naeslundii	0.971285862357	Mixed	#cccccc
1693	Varibaculum cambriense	Anaerococcus hydrogenalis	0.971285862357	Mixed	#cccccc
1694	Varibaculum cambriense	Anaerococcus prevotii	0.952562671547	Mixed	#cccccc
1695	Varibaculum cambriense	Campylobacter ureolyticus	0.971285862357	R_Retroauricular_crease	#acf59a
1696	Varibaculum cambriense	Comamonas testosteroni	0.971285862357	Mixed	#cccccc
1697	Varibaculum cambriense	Corynebacterium matruchotii	0.953783782648	Mixed	#cccccc
1698	Varibaculum cambriense	Corynebacterium pyruviciproducens	0.999244998005	R_Retroauricular_crease	#acf59a
1699	Varibaculum cambriense	Cupriavidus basilensis	0.971285862357	Mixed	#cccccc
1700	Varibaculum cambriense	Dialister micraerophilus	0.956506348162	Mixed	#cccccc
1701	Varibaculum cambriense	Finegoldia magna	0.977383140396	R_Retroauricular_crease	#acf59a
1702	Varibaculum cambriense	Herbaspirillum chlorophenolicum	0.971285862357	Mixed	#cccccc
1703	Varibaculum cambriense	Lactococcus lactis	0.971285862357	Mixed	#cccccc
1704	Varibaculum cambriense	Levyella massiliensis	0.989159571395	Mixed	#cccccc
1705	Varibaculum cambriense	Mobiluncus curtisii	0.935159694712	Mixed	#cccccc
1706	Varibaculum cambriense	Mycobacterium abscessus	0.950294253558	Mixed	#cccccc
1707	Varibaculum cambriense	Mycobacterium chelonae	0.99093231648	Mixed	#cccccc
1708	Varibaculum cambriense	Nocardia otitidiscaviarum	1.0	Mixed	#cccccc
1709	Varibaculum cambriense	Peptoniphilus grossensis	0.971285862357	R_Retroauricular_crease	#acf59a
1710	Varibaculum cambriense	Peptoniphilus harei	0.95401325142	R_Retroauricular_crease	#acf59a
1711	Varibaculum cambriense	Peptoniphilus sp. BV3C26	0.971285862357	Mixed	#cccccc
1712	Varibaculum cambriense	Peptostreptococcus anaerobius	1.0	Mixed	#cccccc
1713	Varibaculum cambriense	Porphyromonas uenonis	0.971285862357	Mixed	#cccccc
1714	Varibaculum cambriense	Prevotella bivia	0.994496002232	Mixed	#cccccc
1715	Varibaculum cambriense	Prevotella buccalis	0.989159571395	Mixed	#cccccc
1716	Varibaculum cambriense	Prevotella disiens	0.921638601827	Mixed	#cccccc
1717	Varibaculum cambriense	Prevotella sp. S7-1-8	0.997755748059	Mixed	#cccccc
1718	Varibaculum cambriense	Prevotella timonensis	0.96539015073	Mixed	#cccccc
1719	Varibaculum cambriense	Propionibacterium humerusii	0.961523947641	R_Retroauricular_crease	#acf59a
1720	Varibaculum cambriense	Pseudomonas aeruginosa	0.989159571395	Mixed	#cccccc
1721	Varibaculum cambriense	Pseudomonas fluorescens	0.965825980328	Mixed	#cccccc
1722	Varibaculum cambriense	Pseudomonas frederiksbergensis	0.88679245283	Mixed	#cccccc
1723	Varibaculum cambriense	Pseudomonas mandelii	0.971285862357	Mixed	#cccccc
1724	Varibaculum cambriense	Pseudomonas orientalis	0.971285862357	Mixed	#cccccc
1725	Varibaculum cambriense	Pseudomonas sp. Ag1	1.0	Mixed	#cccccc
1726	Varibaculum cambriense	Pseudomonas sp. DSM 28142	0.971285862357	Mixed	#cccccc
1727	Varibaculum cambriense	Pseudomonas sp. DSM 29167	0.88679245283	Mixed	#cccccc
1728	Varibaculum cambriense	Pseudomonas sp. Eur1 9.41	0.989926851148	Mixed	#cccccc
1729	Varibaculum cambriense	Pseudomonas sp. FH1	0.938993964303	Mixed	#cccccc
1730	Varibaculum cambriense	Pseudomonas sp. NBRC 111132	0.968258003249	Mixed	#cccccc
1731	Varibaculum cambriense	Pseudomonas sp. NBRC 111134	0.93033496983	Mixed	#cccccc
1732	Varibaculum cambriense	Pseudomonas sp. Root9	0.998381439457	Mixed	#cccccc
1733	Varibaculum cambriense	Rothia mucilaginosa	0.971285862357	Mixed	#cccccc
1734	Varibaculum cambriense	Sphingopyxis fribergensis	0.971285862357	Mixed	#cccccc
1735	Varibaculum cambriense	Sphingopyxis sp. 113P3	0.971285862357	Mixed	#cccccc
1736	Varibaculum cambriense	Sphingopyxis sp. H050	1.0	Mixed	#cccccc
1737	Varibaculum cambriense	Sphingopyxis sp. LC81	0.971285862357	Mixed	#cccccc
1738	Varibaculum cambriense	Stenotrophomonas maltophilia	0.944688430564	Mixed	#cccccc
1739	Varibaculum cambriense	Tissierellia bacterium S5-A11	0.971285862357	Mixed	#cccccc
1740	Varibaculum cambriense	Ureaplasma parvum	0.957260702137	Mixed	#cccccc
1741	Veillonella dispar	Actinobaculum sp. oral taxon 183	0.985036562622	Mixed	#cccccc
1742	Veillonella dispar	Actinomyces massiliensis	0.925820099773	Mixed	#cccccc
1743	Veillonella dispar	Actinomyces naeslundii	1.0	Mixed	#cccccc
1744	Veillonella dispar	Anaerococcus hydrogenalis	1.0	Mixed	#cccccc
1745	Veillonella dispar	Campylobacter ureolyticus	1.0	Mixed	#cccccc
1746	Veillonella dispar	Comamonas testosteroni	1.0	Mixed	#cccccc
1747	Veillonella dispar	Corynebacterium matruchotii	0.981980506062	Mixed	#cccccc
1748	Veillonella dispar	Corynebacterium pyruviciproducens	0.979795897113	Mixed	#cccccc
1749	Veillonella dispar	Cupriavidus basilensis	1.0	Mixed	#cccccc
1750	Veillonella dispar	Dialister micraerophilus	0.984783558818	Mixed	#cccccc
1751	Veillonella dispar	Finegoldia magna	0.999493638482	Mixed	#cccccc
1752	Veillonella dispar	Herbaspirillum chlorophenolicum	1.0	Mixed	#cccccc
1753	Veillonella dispar	Lactobacillus iners	0.975025192479	Mixed	#cccccc
1754	Veillonella dispar	Lactobacillus vaginalis	0.993883734674	Mixed	#cccccc
1755	Veillonella dispar	Lactococcus lactis	1.0	Mixed	#cccccc
1756	Veillonella dispar	Levyella massiliensis	0.925820099773	Mixed	#cccccc
1757	Veillonella dispar	Mobiluncus curtisii	0.992583333971	Mixed	#cccccc
1758	Veillonella dispar	Mycobacterium abscessus	0.99708312456	Mixed	#cccccc
1759	Veillonella dispar	Mycobacterium chelonae	0.994445346141	Mixed	#cccccc
1760	Veillonella dispar	Nocardia otitidiscaviarum	0.971285862357	Mixed	#cccccc
1761	Veillonella dispar	Peptoniphilus grossensis	1.0	Mixed	#cccccc
1762	Veillonella dispar	Peptoniphilus harei	0.997366631506	Mixed	#cccccc
1763	Veillonella dispar	Peptoniphilus sp. BV3C26	1.0	Mixed	#cccccc
1764	Veillonella dispar	Peptostreptococcus anaerobius	0.971285862357	Mixed	#cccccc
1765	Veillonella dispar	Porphyromonas uenonis	1.0	Mixed	#cccccc
1766	Veillonella dispar	Prevotella bivia	0.990867388614	Mixed	#cccccc
1767	Veillonella dispar	Prevotella buccalis	0.925820099773	Mixed	#cccccc
1768	Veillonella dispar	Prevotella disiens	0.978231976089	Mixed	#cccccc
1769	Veillonella dispar	Prevotella sp. S7-1-8	0.985036562622	Mixed	#cccccc
1770	Veillonella dispar	Prevotella timonensis	0.999283296742	Mixed	#cccccc
1771	Veillonella dispar	Propionibacterium humerusii	0.942809041582	Mixed	#cccccc
1772	Veillonella dispar	Pseudomonas aeruginosa	0.925820099773	Mixed	#cccccc
1773	Veillonella dispar	Pseudomonas fluorescens	0.999375585328	Mixed	#cccccc
1774	Veillonella dispar	Pseudomonas frederiksbergensis	0.971285862357	Mixed	#cccccc
1775	Veillonella dispar	Pseudomonas mandelii	1.0	Mixed	#cccccc
1776	Veillonella dispar	Pseudomonas orientalis	1.0	Mixed	#cccccc
1777	Veillonella dispar	Pseudomonas sp. Ag1	0.971285862357	Mixed	#cccccc
1778	Veillonella dispar	Pseudomonas sp. DSM 28142	1.0	Mixed	#cccccc
1779	Veillonella dispar	Pseudomonas sp. DSM 29167	0.971285862357	Mixed	#cccccc
1780	Veillonella dispar	Pseudomonas sp. Eur1 9.41	0.994188528768	Mixed	#cccccc
1781	Veillonella dispar	Pseudomonas sp. FH1	0.993858693196	Mixed	#cccccc
1782	Veillonella dispar	Pseudomonas sp. NBRC 111132	0.99948999345	Mixed	#cccccc
1783	Veillonella dispar	Pseudomonas sp. NBRC 111134	0.990867388614	Mixed	#cccccc
1784	Veillonella dispar	Pseudomonas sp. Root9	0.956182887468	Mixed	#cccccc
1785	Veillonella dispar	Pseudomonas synxantha	0.971285862357	Mixed	#cccccc
1786	Veillonella dispar	Rothia mucilaginosa	1.0	Mixed	#cccccc
1787	Veillonella dispar	Sphingopyxis fribergensis	1.0	Mixed	#cccccc
1788	Veillonella dispar	Sphingopyxis sp. 113P3	1.0	Mixed	#cccccc
1789	Veillonella dispar	Sphingopyxis sp. H050	0.971285862357	Mixed	#cccccc
1790	Veillonella dispar	Sphingopyxis sp. LC81	1.0	Mixed	#cccccc
1791	Veillonella dispar	Stenotrophomonas maltophilia	0.995591455388	Mixed	#cccccc
1792	Veillonella dispar	Sutterellaceae bacterium ND3	0.925820099773	Mixed	#cccccc
1793	Veillonella dispar	Tissierellia bacterium S5-A11	1.0	Mixed	#cccccc
1794	Veillonella dispar	Ureaplasma parvum	0.998585238622	Mixed	#cccccc
1795	Veillonella dispar	Varibaculum cambriense	0.971285862357	Mixed	#cccccc
